generic|18c15911_g1_i1-Mix|	CALMACT00000033509	165	498	100	98.788	165	2	0	1	165	1	495	4.72e-122	340
generic|29c12474_g1_i1-AMf1|	CALMACT00000014137	399	1218	99	92.060	403	27	5	1	398	1	1209	0.0	669
generic|51c14674_g1_i1-AVm2|	CALMACT00000018714	335	1005	99	91.317	334	29	0	1	334	1	1002	0.0	581
generic|c10031_g1_i1-AVm2	CALMACT00000002265	510	1533	93	100.000	474	0	0	1	474	1	1422	0.0	942
generic|c10149_g1_i2-AVm2	CALMACT00000015195	200	525	87	100.000	174	0	0	27	200	1	522	7.07e-128	356
generic|c1021_g1_i1-AVm3	CALMACT00000011070	559	1680	100	100.000	559	0	0	1	559	1	1677	0.0	1172
generic|c10254_g1_i1-AVm2	CALMACT00000008204	447	4440	96	93.995	383	23	0	14	396	1084	2232	0.0	742
generic|c10254_g1_i1-AVm2	CALMACT00000008204	447	4440	96	90.349	373	34	2	1	371	46	1164	0.0	686
generic|c10254_g1_i1-AVm2	CALMACT00000008204	447	4440	96	81.991	422	41	35	14	429	3199	4377	0.0	680
generic|c10254_g1_i1-AVm2	CALMACT00000008204	447	4440	96	89.697	330	32	2	44	371	2290	3279	0.0	592
generic|c10282_g1_i1-AVm2	CALMACT00000023498	87	264	100	100.000	87	0	0	1	87	1	261	3.46e-062	182
generic|c10282_g1_i2-AVm2	CALMACT00000023498	74	264	97	82.192	73	12	1	1	72	1	219	9.10e-038	120
generic|c10282_g1_i3-AVm2	CALMACT00000023498	87	264	99	80.233	86	16	1	1	86	1	255	1.91e-045	140
generic|c10402_g1_i1-AVm2	CALMACT00000017050	106	321	100	100.000	106	0	0	1	106	1	318	5.45e-076	218
generic|c10422_g1_i1-AMm1	CALMACT00000005694	360	1083	100	100.000	360	0	0	1	360	1	1080	0.0	694
generic|c10456_g1_i1-AVm2	CALMACT00000018376	100	1182	100	100.000	100	0	0	1	100	880	1179	5.66e-066	202
generic|c10476_g1_i2-AVm1	CALMACT00000019914	96	480	71	95.588	68	3	0	1	68	1	204	4.45e-031	106
generic|c10476_g1_i2-AVm1	CALMACT00000019914	96	480	71	88.889	63	7	0	1	63	286	474	1.42e-024	89.7
generic|c10492_g1_i2-AMm3	CALMACT00000004533	110	579	80	100.000	88	0	0	23	110	1	264	1.01e-060	183
generic|c1062_g1_i1-AVm2	CALMACT00000026821	339	1020	100	100.000	339	0	0	1	339	1	1017	0.0	711
generic|c1067_g1_i1-AMm2	CALMACT00000025429	184	612	99	98.361	183	3	0	2	184	61	609	6.88e-135	374
generic|c1077_g1_i1-AVm2	CALMACT00000005347	126	381	100	100.000	126	0	0	1	126	1	378	7.29e-091	258
generic|c10868_g1_i1-AVm2_m_248031|c10868_g1_i1-AVm2_g.248031|type:complete|len:183|gc:universal|c10868_g1_i1-AVm2:230-778(+)	CALMACT00000033207	182	549	100	95.055	182	9	0	1	182	1	546	3.90e-130	361
generic|c10887_g1_i1-AVm2	CALMACT00000014444	162	489	100	100.000	162	0	0	1	162	1	486	1.46e-122	340
generic|c10931_g1_i2-AVm2	CALMACT00000032895	458	1635	100	86.243	378	43	9	1	375	1	1116	0.0	614
generic|c10931_g1_i2-AVm2	CALMACT00000032895	458	1635	100	86.747	83	11	0	376	458	1384	1632	3.10e-037	142
generic|c11072_g1_i1-AVm2	CALMACT00000011258	106	321	100	97.170	106	3	0	1	106	1	318	5.08e-074	213
generic|c11143_g1_i1-AVm2	CALMACT00000025465	231	696	87	100.000	201	0	0	1	201	1	603	1.80e-114	326
generic|c11147_g1_i1-AVm1	CALMACT00000004173	214	645	100	100.000	214	0	0	1	214	1	642	4.61e-164	450
generic|c11222_g1_i1-AVm3	CALMACT00000000101	77	198	78	60.000	60	12	12	13	72	55	198	5.81e-018	69.7
generic|c11250_g1_i1-AVm2	CALMACT00000028999	254	10050	100	99.606	254	1	0	1	254	6292	7053	7.00e-136	421
generic|c11250_g1_i1-AVm2	CALMACT00000028999	254	10050	100	98.814	253	3	0	1	253	4684	5442	6.33e-133	413
generic|c11250_g1_i1-AVm2	CALMACT00000028999	254	10050	100	97.638	254	6	0	1	254	4282	5043	1.73e-132	411
generic|c11250_g1_i1-AVm2	CALMACT00000028999	254	10050	100	98.425	254	4	0	1	254	5488	6249	2.38e-132	411
generic|c11250_g1_i1-AVm2	CALMACT00000028999	254	10050	100	98.031	254	5	0	1	254	5890	6651	3.82e-132	410
generic|c11250_g1_i1-AVm2	CALMACT00000028999	254	10050	100	97.638	254	6	0	1	254	5086	5847	6.07e-131	407
generic|c11250_g1_i1-AVm2	CALMACT00000028999	254	10050	100	91.339	254	22	0	1	254	6694	7455	3.17e-122	382
generic|c11250_g1_i1-AVm2	CALMACT00000028999	254	10050	100	81.818	253	45	1	1	253	7096	7851	1.19e-106	337
generic|c11250_g1_i1-AVm2	CALMACT00000028999	254	10050	100	88.889	171	17	2	84	254	4135	4641	1.54e-080	263
generic|c11250_g1_i1-AVm2	CALMACT00000028999	254	10050	100	66.142	254	78	8	1	254	7498	8235	4.05e-076	250
generic|c11250_g1_i1-AVm2	CALMACT00000028999	254	10050	100	57.979	188	72	7	1	188	7897	8439	9.32e-041	148
generic|c11330_g1_i1-AMm1	CALMACT00000002506	171	480	85	100.000	145	0	0	27	171	43	477	2.23e-107	302
generic|c11338_g1_i1-AMm1_m_115120|c11338_g1_i1-AMm1_g.115120|type:complete|len:330|gc:universal|c11338_g1_i1-AMm1:117-1106(+)	CALMACT00000017890	329	990	100	100.000	329	0	0	1	329	1	987	0.0	517
generic|c11377_g1_i2-AVm2	CALMACT00000033207	182	549	100	100.000	182	0	0	1	182	1	546	8.46e-138	381
generic|c11383_g1_i1-AMm1_m_115195|c11383_g1_i1-AMm1_g.115195|type:complete|len:323|gc:universal|c11383_g1_i1-AMm1:72-1040(+)	CALMACT00000031735	322	411	42	100.000	136	0	0	187	322	1	408	2.13e-094	275
generic|c11410_g1_i1-AVm2	CALMACT00000020723	149	450	100	100.000	149	0	0	1	149	1	447	8.78e-095	269
generic|c11731_g1_i1-AVm1	CALMACT00000000855	211	438	67	99.291	141	1	0	1	141	1	423	5.51e-106	300
generic|c11938_g1_i1-AVm2	CALMACT00000014529	313	942	100	100.000	313	0	0	1	313	1	939	0.0	595
generic|c12114_g1_i1-AVm2	CALMACT00000014529	311	942	98	63.430	309	105	8	1	305	1	915	2.20e-126	362
generic|c12162_g1_i1-AMm2	CALMACT00000002190	429	1833	88	100.000	227	0	0	1	227	1	681	3.90e-148	433
generic|c12162_g1_i1-AMm2	CALMACT00000002190	429	1833	88	100.000	101	0	0	312	412	1477	1779	2.47e-061	208
generic|c12162_g1_i1-AMm2	CALMACT00000002190	429	1833	88	100.000	49	0	0	261	309	1009	1155	6.90e-013	69.7
generic|c12163_g1_i1-AVm2	CALMACT00000034707	290	510	36	99.029	103	1	0	4	106	40	348	7.77e-071	215
generic|c12163_g1_i2-AVm2	CALMACT00000034707	322	510	32	99.029	103	1	0	4	106	40	348	1.85e-070	215
generic|c12240_g1_i1-AVm2	CALMACT00000003037	342	1029	100	100.000	342	0	0	1	342	1	1026	0.0	677
generic|c12257_g1_i1-AVm1	CALMACT00000025081	357	1107	99	99.716	352	1	0	1	352	1	1056	0.0	645
generic|c12257_g1_i3-AVm1	CALMACT00000025081	368	1107	100	100.000	368	0	0	1	368	1	1104	0.0	680
generic|c1227_g1_i1-AVm3	CALMACT00000012843	135	408	100	100.000	135	0	0	1	135	1	405	1.70e-086	247
generic|c12508_g1_i2-AVm3	CALMACT00000020353	227	6159	92	97.129	209	4	2	11	219	4366	4986	3.14e-062	209
generic|c12531_g1_i1-AVm3	CALMACT00000010987	1456	4371	100	100.000	1456	0	0	1	1456	1	4368	0.0	2005
generic|c12584_g1_i1-AMm3	CALMACT00000003625	3938	7587	89	100.000	2528	0	0	1411	3938	1	7584	0.0	5035
generic|c12584_g1_i1-AMm3	CALMACT00000003625	3938	7587	89	21.584	783	478	136	383	1109	3433	5541	3.81e-039	161
generic|c12584_g1_i1-AMm3	CALMACT00000003625	3938	7587	89	24.118	510	297	90	1161	1640	4330	5679	1.62e-020	100
generic|c12584_g1_i1-AMm3	CALMACT00000003625	3938	7587	89	25.000	348	223	38	1271	1600	3565	4548	4.71e-015	82.0
generic|c12584_g1_i1-AMm3	CALMACT00000003625	3938	7587	89	34.783	115	71	4	943	1055	4	342	2.91e-012	72.8
generic|c12584_g1_i1-AMm3	CALMACT00000003625	3938	7587	89	24.561	228	132	40	583	786	52	687	3.97e-007	55.8
generic|c12691_g1_i2-AVm1_m_215438|c12691_g1_i2-AVm1_g.215438|type:5prime_partial|len:198|gc:universal|c12691_g1_i2-AVm1:1-594(+)	CALMACT00000015195	197	525	83	71.856	167	43	4	27	189	1	501	1.82e-082	241
generic|c12843_g1_i1-AVm1	CALMACT00000018376	395	1182	91	92.479	359	1	26	37	395	1	999	0.0	662
generic|c12870_g2_i1-AVm3_m_284232|c12870_g2_i1-AVm3_g.284232|type:complete|len:646|gc:universal|c12870_g2_i1-AVm3:51-1988(+)	CALMACT00000011605	645	1659	82	99.810	526	1	0	59	584	1	1578	0.0	1067
generic|c12898_g1_i1-AMm1	CALMACT00000030484	669	1932	96	100.000	643	0	0	27	669	1	1929	0.0	1299
generic|c13071_g1_i1-AVm2_m_251560|c13071_g1_i1-AVm2_g.251560|type:5prime_partial|len:463|gc:universal|c13071_g1_i1-AVm2:1797-409(-)	CALMACT00000013950	462	1293	96	95.249	442	9	12	21	462	1	1290	0.0	761
generic|c13217_g1_i1-AVm3	CALMACT00000034557	450	1353	96	100.000	432	0	0	1	432	1	1296	0.0	877
generic|c13243_g1_i2-AVm2_m_251917|c13243_g1_i2-AVm2_g.251917|type:5prime_partial|len:464|gc:universal|c13243_g1_i2-AVm2:1-1392(+)	CALMACT00000013950	463	1293	77	94.663	356	7	12	36	391	1	1032	0.0	627
generic|c13254_g1_i5-AMm2	CALMACT00000028532	91	243	75	49.296	71	33	3	24	91	22	234	7.62e-022	80.5
generic|c13264_g1_i1-AVm2	CALMACT00000027737	570	1281	72	94.836	426	6	16	161	570	1	1278	0.0	716
generic|c13380_g2_i1-AVm3	CALMACT00000032971	529	1509	95	100.000	502	0	0	28	529	1	1506	0.0	1011
generic|c13601_g1_i1-AVm2_m_252617|c13601_g1_i1-AVm2_g.252617|type:internal|len:557|gc:universal|c13601_g1_i1-AVm2:1668-1(-)	CALMACT00000021785	556	3999	74	98.533	409	6	0	148	556	1	1227	0.0	822
generic|c13671_g1_i3-AMm2	CALMACT00000028591	93	984	71	96.970	66	2	0	5	70	652	849	1.22e-025	96.3
generic|c13671_g1_i3-AMm2	CALMACT00000028591	93	984	71	57.500	80	20	14	5	70	283	522	6.91e-018	75.5
generic|c13671_g1_i3-AMm2	CALMACT00000028591	93	984	71	92.857	28	2	0	43	70	70	153	5.52e-012	58.9
generic|c13692_g1_i2-AVm2	CALMACT00000022106	303	912	100	100.000	303	0	0	1	303	1	909	0.0	597
generic|c13737_g1_i1-AVm3	CALMACT00000028145	95	462	92	97.701	87	2	0	9	95	199	459	1.49e-059	178
generic|c13870_g1_i2-AMm2	CALMACT00000034850	179	501	84	96.026	151	6	0	29	179	46	498	3.28e-111	313
generic|c13963_g1_i1-AVm2	CALMACT00000011494	339	1020	100	100.000	339	0	0	1	339	1	1017	0.0	706
generic|c13991_g1_i2-AMm1_m_118838|c13991_g1_i2-AMm1_g.118838|type:internal|len:1662|gc:universal|c13991_g1_i2-AMm1:1-4983(+)	CALMACT00000020113	1661	13029	89	89.831	1298	59	73	327	1551	6652	10545	0.0	1504
generic|c13991_g1_i2-AMm1_m_118838|c13991_g1_i2-AMm1_g.118838|type:internal|len:1662|gc:universal|c13991_g1_i2-AMm1:1-4983(+)	CALMACT00000020113	1661	13029	89	100.000	253	0	0	1	253	5674	6432	1.36e-126	440
generic|c13991_g1_i2-AMm1_m_118838|c13991_g1_i2-AMm1_g.118838|type:internal|len:1662|gc:universal|c13991_g1_i2-AMm1:1-4983(+)	CALMACT00000020113	1661	13029	89	28.826	281	160	40	2	245	5245	6078	6.87e-014	77.0
generic|c13991_g1_i2-AMm1_m_118838|c13991_g1_i2-AMm1_g.118838|type:internal|len:1662|gc:universal|c13991_g1_i2-AMm1:1-4983(+)	CALMACT00000020113	1661	13029	89	31.900	279	129	61	1064	1307	11029	11787	2.13e-010	65.5
generic|c13991_g1_i2-AMm1_m_118838|c13991_g1_i2-AMm1_g.118838|type:internal|len:1662|gc:universal|c13991_g1_i2-AMm1:1-4983(+)	CALMACT00000020113	1661	13029	89	36.019	211	84	51	1064	1225	11293	11919	1.94e-009	62.4
generic|c13991_g1_i2-AMm1_m_118838|c13991_g1_i2-AMm1_g.118838|type:internal|len:1662|gc:universal|c13991_g1_i2-AMm1:1-4983(+)	CALMACT00000020113	1661	13029	89	31.321	265	107	75	1064	1309	10957	11583	3.90e-009	61.2
generic|c13991_g1_i2-AMm1_m_118838|c13991_g1_i2-AMm1_g.118838|type:internal|len:1662|gc:universal|c13991_g1_i2-AMm1:1-4983(+)	CALMACT00000020113	1661	13029	89	32.370	173	90	27	1074	1221	11524	12036	2.05e-007	55.5
generic|c14030_g1_i1-AVm2	CALMACT00000028937	650	2178	98	100.000	638	0	0	13	650	262	2175	0.0	1300
generic|c14172_g1_i1-AVm2	CALMACT00000010321	299	900	100	97.993	299	6	0	1	299	1	897	0.0	617
generic|c14248_g1_i1-AVm2	CALMACT00000020103	463	1326	95	100.000	441	0	0	23	463	1	1323	0.0	897
generic|c14264_g1_i1-AVm2	CALMACT00000033209	613	1311	65	91.743	436	0	36	214	613	1	1308	0.0	823
generic|c14487_g8_i1-AVm2	CALMACT00000004018	205	336	51	100.000	105	0	0	101	205	19	333	1.67e-073	216
generic|c14540_g1_i1-AVm2	CALMACT00000014797	536	2256	61	95.413	327	2	13	18	344	1309	2250	3.93e-172	504
generic|c14578_g1_i1-AVm2	CALMACT00000016882	742	849	38	100.000	282	0	0	461	742	1	846	0.0	580
generic|c1481_g1_i1-AMm1_m_108330|c1481_g1_i1-AMm1_g.108330|type:complete|len:152|gc:universal|c1481_g1_i1-AMm1:81-536(+)	CALMACT00000010538	151	456	100	100.000	151	0	0	1	151	1	453	5.38e-114	318
generic|c14857_g1_i1-AMm3_m_186258|c14857_g1_i1-AMm3_g.186258|type:internal|len:125|gc:universal|c14857_g1_i1-AMm3:373-2(-)	CALMACT00000005402	124	651	100	98.387	124	2	0	1	124	121	492	7.00e-089	256
generic|c14880_g1_i1-AMm3	CALMACT00000008258	166	459	92	100.000	152	0	0	15	166	1	456	6.53e-095	270
generic|c14971_g1_i1-AMm1	CALMACT00000025502	396	1203	100	89.141	396	43	0	1	396	13	1200	0.0	725
generic|c14997_g1_i1-AVm2	CALMACT00000008437	437	1740	87	25.450	389	250	40	56	434	661	1737	1.37e-019	90.5
generic|c15002_g1_i1-AMm2	CALMACT00000033196	215	252	24	100.000	52	0	0	164	215	2	157	2.33e-033	114
generic|c15186_g1_i1-AMm2_m_155195|c15186_g1_i1-AMm2_g.155195|type:complete|len:396|gc:universal|c15186_g1_i1-AMm2:74-1261(+)	CALMACT00000009404	395	1188	100	100.000	395	0	0	1	395	1	1185	0.0	790
generic|c15242_g1_i1-AVm2	CALMACT00000025987	789	2370	100	100.000	789	0	0	1	789	1	2367	0.0	1604
generic|c15247_g1_i1-AVm2_m_257860|c15247_g1_i1-AVm2_g.257860|type:3prime_partial|len:251|gc:universal|c15247_g1_i1-AVm2:694-1443(+)	CALMACT00000014137	250	1218	91	28.629	248	132	45	3	229	391	1062	6.14e-015	72.8
generic|c15286_g1_i3-AVm1	CALMACT00000014137	484	1218	99	88.250	400	42	5	89	483	10	1209	0.0	675
generic|c15286_g1_i3-AVm1	CALMACT00000014137	484	1218	99	76.136	88	21	0	1	88	10	273	2.05e-036	138
generic|c1535_g1_i1-AVm2	CALMACT00000020303	182	549	100	100.000	182	0	0	1	182	1	546	4.76e-135	374
generic|c15380_g1_i2-AVm2_m_258371|c15380_g1_i2-AVm2_g.258371|type:5prime_partial|len:885|gc:universal|c15380_g1_i2-AVm2:3-2657(+)	CALMACT00000016355	884	2547	96	99.882	848	1	0	37	884	1	2544	0.0	1709
generic|c15587_g1_i1-AMm3_m_187785|c15587_g1_i1-AMm3_g.187785|type:5prime_partial|len:316|gc:universal|c15587_g1_i1-AMm3:1-948(+)	CALMACT00000019869	315	915	97	100.000	304	0	0	12	315	1	912	0.0	635
generic|c15605_g1_i1-AVm3_m_289527|c15605_g1_i1-AVm3_g.289527|type:5prime_partial|len:359|gc:universal|c15605_g1_i1-AVm3:3-1079(+)	CALMACT00000001137	358	1569	92	96.154	260	9	1	26	285	1	777	0.0	516
generic|c15605_g1_i1-AVm3_m_289527|c15605_g1_i1-AVm3_g.289527|type:5prime_partial|len:359|gc:universal|c15605_g1_i1-AVm3:3-1079(+)	CALMACT00000001137	358	1569	92	49.315	292	92	56	65	356	814	1521	1.35e-087	272
generic|c15614_g1_i2-AVm2_m_259528|c15614_g1_i2-AVm2_g.259528|type:complete|len:1059|gc:universal|c15614_g1_i2-AVm2:158-3334(+)	CALMACT00000018555	1058	2676	83	100.000	875	0	0	184	1058	49	2673	0.0	1746
generic|c1565_g1_i1-AVm2	CALMACT00000010729	529	1590	100	100.000	529	0	0	1	529	1	1587	0.0	1074
generic|c15667_g2_i1-AVm2	CALMACT00000008982	749	2250	100	100.000	749	0	0	1	749	1	2247	0.0	1535
generic|c15693_g1_i1-AVm3	CALMACT00000019246	257	774	95	100.000	243	0	0	15	257	43	771	0.0	504
generic|c15711_g1_i1-AVm1_m_220956|c15711_g1_i1-AVm1_g.220956|type:5prime_partial|len:321|gc:universal|c15711_g1_i1-AVm1:3-965(+)	CALMACT00000002603	320	873	91	98.621	290	4	0	31	320	1	870	0.0	601
generic|c15768_g1_i1-AMm1_m_122238|c15768_g1_i1-AMm1_g.122238|type:complete|len:391|gc:universal|c15768_g1_i1-AMm1:66-1238(+)	CALMACT00000030812	390	666	57	95.928	221	9	0	113	333	1	663	1.51e-141	400
generic|c15934_g1_i1-AMm1_m_122594|c15934_g1_i1-AMm1_g.122594|type:complete|len:202|gc:universal|c15934_g1_i1-AMm1:696-1301(+)	CALMACT00000003376	201	1251	100	99.398	166	1	0	36	201	751	1248	3.34e-105	308
generic|c15934_g1_i1-AMm1_m_122594|c15934_g1_i1-AMm1_g.122594|type:complete|len:202|gc:universal|c15934_g1_i1-AMm1:696-1301(+)	CALMACT00000003376	201	1251	100	100.000	37	0	0	1	37	647	757	4.32e-019	83.2
generic|c15939_g1_i1-AVm2_m_261449|c15939_g1_i1-AVm2_g.261449|type:5prime_partial|len:1534|gc:universal|c15939_g1_i1-AVm2:1-4602(+)	CALMACT00000034988	1533	4566	99	99.737	1521	4	0	13	1533	1	4563	0.0	3001
generic|c15970_g6_i1-AMm3_m_188732|c15970_g6_i1-AMm3_g.188732|type:5prime_partial|len:266|gc:universal|c15970_g6_i1-AMm3:3-800(+)	CALMACT00000001706	265	696	87	100.000	231	0	0	35	265	1	693	2.41e-172	474
generic|c15973_g1_i1-AMm3_m_188743|c15973_g1_i1-AMm3_g.188743|type:complete|len:408|gc:universal|c15973_g1_i1-AMm3:106-1329(+)	CALMACT00000007323	407	1185	96	46.547	391	207	2	9	398	10	1179	3.01e-130	379
generic|c16095_g1_i2-AMm1_m_122986|c16095_g1_i2-AMm1_g.122986|type:3prime_partial|len:230|gc:universal|c16095_g1_i2-AMm1:203-889(+)	CALMACT00000020219	229	609	31	56.818	88	10	28	29	88	274	537	2.46e-022	89.7
generic|c16095_g1_i2-AMm1_m_122986|c16095_g1_i2-AMm1_g.122986|type:3prime_partial|len:230|gc:universal|c16095_g1_i2-AMm1:203-889(+)	CALMACT00000020219	229	609	31	55.056	89	12	28	40	100	76	342	1.58e-021	87.8
generic|c16124_g1_i1-AMm3	CALMACT00000024099	435	801	59	50.965	259	126	1	53	310	13	789	5.78e-087	265
generic|c16196_g1_i1-AVm2	CALMACT00000011942	194	585	100	100.000	194	0	0	1	194	1	582	2.07e-137	381
generic|c16236_g1_i1-AVm2	CALMACT00000000613	135	402	97	44.697	132	72	1	1	131	4	399	1.25e-030	106
generic|c16405_g3_i2-AMm2_m_157956|c16405_g3_i2-AMm2_g.157956|type:internal|len:169|gc:universal|c16405_g3_i2-AMm2:505-2(-)	CALMACT00000010344	168	120	20	96.970	33	1	0	52	84	1	99	2.55e-016	67.8
generic|c16548_g1_i1-AVm1_m_222860|c16548_g1_i1-AVm1_g.222860|type:complete|len:282|gc:universal|c16548_g1_i1-AVm1:843-1688(+)	CALMACT00000030898	281	1242	64	98.667	150	2	0	32	181	787	1236	2.95e-103	306
generic|c16548_g1_i1-AVm1_m_222860|c16548_g1_i1-AVm1_g.222860|type:complete|len:282|gc:universal|c16548_g1_i1-AVm1:843-1688(+)	CALMACT00000030898	281	1242	64	77.778	36	8	0	1	36	695	802	3.41e-009	56.2
generic|c16639_g1_i1-AMm3_m_190241|c16639_g1_i1-AMm3_g.190241|type:5prime_partial|len:487|gc:universal|c16639_g1_i1-AMm3:2-1462(+)	CALMACT00000016728	486	1233	81	71.033	397	114	1	89	484	25	1215	0.0	592
generic|c16696_g1_i1-AMm3	CALMACT00000020219	198	609	35	100.000	57	0	0	1	57	367	537	2.79e-035	122
generic|c16696_g1_i1-AMm3	CALMACT00000020219	198	609	35	82.609	69	12	0	1	69	136	342	7.52e-035	121
generic|c16696_g3_i5-AMm3	CALMACT00000033233	397	645	23	41.667	108	45	18	258	347	43	366	8.70e-013	66.2
generic|c16807_g1_i1-AVm3_m_292951|c16807_g1_i1-AVm3_g.292951|type:5prime_partial|len:270|gc:universal|c16807_g1_i1-AVm3:3-812(+)	CALMACT00000034318	269	702	85	85.965	228	32	0	38	265	1	684	4.51e-138	387
generic|c16859_g2_i1-AVm3	CALMACT00000027312	325	933	95	98.387	310	5	0	16	325	1	930	0.0	644
generic|c16863_g1_i1-AMm3_m_190911|c16863_g1_i1-AMm3_g.190911|type:5prime_partial|len:409|gc:universal|c16863_g1_i1-AMm3:1308-82(-)	CALMACT00000031793	408	1224	99	100.000	407	0	0	2	408	1	1221	0.0	831
generic|c16865_g6_i2-AMm2	CALMACT00000025502	401	1203	99	93.939	396	24	0	4	399	13	1200	0.0	734
generic|c16868_g1_i1-AMm3_m_190919|c16868_g1_i1-AMm3_g.190919|type:5prime_partial|len:618|gc:universal|c16868_g1_i1-AMm3:1945-92(-)	CALMACT00000034988	617	4566	100	98.379	617	10	0	1	617	2713	4563	0.0	1204
generic|c16917_g2_i1-AVm3	CALMACT00000017069	236	900	53	37.190	121	44	32	3	123	187	453	2.18e-012	64.3
generic|c16917_g2_i1-AVm3	CALMACT00000017069	236	900	53	30.488	164	72	42	3	127	406	888	3.01e-009	55.5
generic|c16938_g1_i1-AMm2	CALMACT00000008020	645	1884	97	90.590	627	59	0	19	645	1	1881	0.0	1200
generic|c17005_g1_i1-AVm2	CALMACT00000006634	121	366	100	100.000	121	0	0	1	121	1	363	2.45e-089	253
generic|c17250_g1_i3-AMm2_m_161065|c17250_g1_i3-AMm2_g.161065|type:3prime_partial|len:760|gc:universal|c17250_g1_i3-AMm2:207-2483(+)	CALMACT00000021785	759	3999	74	100.000	560	0	0	200	759	1	1680	0.0	1142
generic|c17250_g1_i3-AMm2_m_161065|c17250_g1_i3-AMm2_g.161065|type:3prime_partial|len:760|gc:universal|c17250_g1_i3-AMm2:207-2483(+)	CALMACT00000021785	759	3999	74	52.093	215	73	30	575	759	2626	3270	1.42e-039	157
generic|c17250_g1_i3-AMm2_m_161065|c17250_g1_i3-AMm2_g.161065|type:3prime_partial|len:760|gc:universal|c17250_g1_i3-AMm2:207-2483(+)	CALMACT00000021785	759	3999	74	50.446	224	81	30	566	759	1963	2634	6.23e-039	155
generic|c17250_g1_i3-AMm2_m_161065|c17250_g1_i3-AMm2_g.161065|type:3prime_partial|len:760|gc:universal|c17250_g1_i3-AMm2:207-2483(+)	CALMACT00000021785	759	3999	74	51.628	215	74	30	575	759	2149	2793	2.00e-038	153
generic|c17250_g1_i3-AMm2_m_161065|c17250_g1_i3-AMm2_g.161065|type:3prime_partial|len:760|gc:universal|c17250_g1_i3-AMm2:207-2483(+)	CALMACT00000021785	759	3999	74	51.389	216	73	32	575	759	1831	2475	9.41e-038	151
generic|c17250_g1_i3-AMm2_m_161065|c17250_g1_i3-AMm2_g.161065|type:3prime_partial|len:760|gc:universal|c17250_g1_i3-AMm2:207-2483(+)	CALMACT00000021785	759	3999	74	50.698	215	75	31	575	759	2785	3426	1.67e-036	147
generic|c17250_g1_i3-AMm2_m_161065|c17250_g1_i3-AMm2_g.161065|type:3prime_partial|len:760|gc:universal|c17250_g1_i3-AMm2:207-2483(+)	CALMACT00000021785	759	3999	74	50.935	214	75	30	575	759	2944	3582	1.00e-035	145
generic|c17250_g1_i3-AMm2_m_161065|c17250_g1_i3-AMm2_g.161065|type:3prime_partial|len:760|gc:universal|c17250_g1_i3-AMm2:207-2483(+)	CALMACT00000021785	759	3999	74	52.174	184	63	25	577	759	1519	1998	8.27e-034	139
generic|c17250_g1_i3-AMm2_m_161065|c17250_g1_i3-AMm2_g.161065|type:3prime_partial|len:760|gc:universal|c17250_g1_i3-AMm2:207-2483(+)	CALMACT00000021785	759	3999	74	41.538	195	78	36	575	740	3103	3666	2.80e-017	85.9
generic|c17259_g2_i2-AVm3_m_294789|c17259_g2_i2-AVm3_g.294789|type:internal|len:134|gc:universal|c17259_g2_i2-AVm3:2-400(+)	CALMACT00000028999	133	10050	100	90.226	133	13	0	1	133	5848	6246	4.12e-061	201
generic|c17259_g2_i2-AVm3_m_294789|c17259_g2_i2-AVm3_g.294789|type:internal|len:134|gc:universal|c17259_g2_i2-AVm3:2-400(+)	CALMACT00000028999	133	10050	100	88.722	133	15	0	1	133	4240	4638	7.44e-061	200
generic|c17259_g2_i2-AVm3_m_294789|c17259_g2_i2-AVm3_g.294789|type:internal|len:134|gc:universal|c17259_g2_i2-AVm3:2-400(+)	CALMACT00000028999	133	10050	100	89.474	133	14	0	1	133	5044	5442	1.73e-060	199
generic|c17259_g2_i2-AVm3_m_294789|c17259_g2_i2-AVm3_g.294789|type:internal|len:134|gc:universal|c17259_g2_i2-AVm3:2-400(+)	CALMACT00000028999	133	10050	100	89.474	133	14	0	1	133	4642	5040	4.06e-060	198
generic|c17259_g2_i2-AVm3_m_294789|c17259_g2_i2-AVm3_g.294789|type:internal|len:134|gc:universal|c17259_g2_i2-AVm3:2-400(+)	CALMACT00000028999	133	10050	100	88.722	133	15	0	1	133	6652	7050	6.71e-060	197
generic|c17259_g2_i2-AVm3_m_294789|c17259_g2_i2-AVm3_g.294789|type:internal|len:134|gc:universal|c17259_g2_i2-AVm3:2-400(+)	CALMACT00000028999	133	10050	100	89.474	133	14	0	1	133	5446	5844	9.89e-060	197
generic|c17259_g2_i2-AVm3_m_294789|c17259_g2_i2-AVm3_g.294789|type:internal|len:134|gc:universal|c17259_g2_i2-AVm3:2-400(+)	CALMACT00000028999	133	10050	100	90.226	133	12	1	1	133	7456	7851	1.03e-059	197
generic|c17259_g2_i2-AVm3_m_294789|c17259_g2_i2-AVm3_g.294789|type:internal|len:134|gc:universal|c17259_g2_i2-AVm3:2-400(+)	CALMACT00000028999	133	10050	100	90.226	133	13	0	1	133	6250	6648	1.51e-059	196
generic|c17259_g2_i2-AVm3_m_294789|c17259_g2_i2-AVm3_g.294789|type:internal|len:134|gc:universal|c17259_g2_i2-AVm3:2-400(+)	CALMACT00000028999	133	10050	100	79.699	133	27	0	1	133	7054	7452	2.31e-050	170
generic|c17259_g2_i2-AVm3_m_294789|c17259_g2_i2-AVm3_g.294789|type:internal|len:134|gc:universal|c17259_g2_i2-AVm3:2-400(+)	CALMACT00000028999	133	10050	100	56.489	131	50	7	2	132	7858	8229	2.77e-024	96.3
generic|c17259_g2_i2-AVm3_m_294789|c17259_g2_i2-AVm3_g.294789|type:internal|len:134|gc:universal|c17259_g2_i2-AVm3:2-400(+)	CALMACT00000028999	133	10050	100	58.209	67	28	0	2	68	8239	8439	5.29e-010	55.5
generic|c17259_g2_i2-AVm3_m_294789|c17259_g2_i2-AVm3_g.294789|type:internal|len:134|gc:universal|c17259_g2_i2-AVm3:2-400(+)	CALMACT00000028999	133	10050	100	66.667	36	10	2	98	133	4135	4236	2.30e-008	50.4
generic|c17286_g1_i1-AMm2_m_161197|c17286_g1_i1-AMm2_g.161197|type:complete|len:294|gc:universal|c17286_g1_i1-AMm2:165-1046(+)	CALMACT00000030898	293	1242	100	100.000	264	0	0	1	264	1	792	0.0	551
generic|c17286_g1_i1-AMm2_m_161197|c17286_g1_i1-AMm2_g.161197|type:complete|len:294|gc:universal|c17286_g1_i1-AMm2:165-1046(+)	CALMACT00000030898	293	1242	100	96.875	32	1	0	262	293	783	878	5.21e-014	70.9
generic|c17312_g1_i1-AMm2	CALMACT00000016308	460	1110	78	98.319	357	6	0	1	357	1	1071	0.0	623
generic|c17390_g2_i1-AMm2_m_161731|c17390_g2_i1-AMm2_g.161731|type:internal|len:134|gc:universal|c17390_g2_i1-AMm2:3-401(+)	CALMACT00000028999	133	10050	100	100.000	133	0	0	1	133	4315	4713	2.31e-082	262
generic|c17390_g2_i1-AMm2_m_161731|c17390_g2_i1-AMm2_g.161731|type:internal|len:134|gc:universal|c17390_g2_i1-AMm2:3-401(+)	CALMACT00000028999	133	10050	100	98.496	133	2	0	1	133	5923	6321	1.95e-080	256
generic|c17390_g2_i1-AMm2_m_161731|c17390_g2_i1-AMm2_g.161731|type:internal|len:134|gc:universal|c17390_g2_i1-AMm2:3-401(+)	CALMACT00000028999	133	10050	100	97.744	133	3	0	1	133	4717	5115	1.68e-079	254
generic|c17390_g2_i1-AMm2_m_161731|c17390_g2_i1-AMm2_g.161731|type:internal|len:134|gc:universal|c17390_g2_i1-AMm2:3-401(+)	CALMACT00000028999	133	10050	100	96.992	133	4	0	1	133	6727	7125	2.97e-079	253
generic|c17390_g2_i1-AMm2_m_161731|c17390_g2_i1-AMm2_g.161731|type:internal|len:134|gc:universal|c17390_g2_i1-AMm2:3-401(+)	CALMACT00000028999	133	10050	100	96.992	133	4	0	1	133	5119	5517	4.41e-079	252
generic|c17390_g2_i1-AMm2_m_161731|c17390_g2_i1-AMm2_g.161731|type:internal|len:134|gc:universal|c17390_g2_i1-AMm2:3-401(+)	CALMACT00000028999	133	10050	100	97.744	133	3	0	1	133	5521	5919	5.57e-079	252
generic|c17390_g2_i1-AMm2_m_161731|c17390_g2_i1-AMm2_g.161731|type:internal|len:134|gc:universal|c17390_g2_i1-AMm2:3-401(+)	CALMACT00000028999	133	10050	100	96.992	133	4	0	1	133	6325	6723	3.41e-078	250
generic|c17390_g2_i1-AMm2_m_161731|c17390_g2_i1-AMm2_g.161731|type:internal|len:134|gc:universal|c17390_g2_i1-AMm2:3-401(+)	CALMACT00000028999	133	10050	100	80.451	133	26	0	1	133	7129	7527	8.54e-063	206
generic|c17390_g2_i1-AMm2_m_161731|c17390_g2_i1-AMm2_g.161731|type:internal|len:134|gc:universal|c17390_g2_i1-AMm2:3-401(+)	CALMACT00000028999	133	10050	100	75.188	133	32	1	1	133	7531	7926	2.94e-058	193
generic|c17390_g2_i1-AMm2_m_161731|c17390_g2_i1-AMm2_g.161731|type:internal|len:134|gc:universal|c17390_g2_i1-AMm2:3-401(+)	CALMACT00000028999	133	10050	100	57.576	132	49	7	1	132	7930	8304	1.60e-035	128
generic|c17390_g2_i1-AMm2_m_161731|c17390_g2_i1-AMm2_g.161731|type:internal|len:134|gc:universal|c17390_g2_i1-AMm2:3-401(+)	CALMACT00000028999	133	10050	100	56.842	95	37	4	40	133	4036	4311	1.61e-022	91.3
generic|c17390_g2_i1-AMm2_m_161731|c17390_g2_i1-AMm2_g.161731|type:internal|len:134|gc:universal|c17390_g2_i1-AMm2:3-401(+)	CALMACT00000028999	133	10050	100	50.000	74	32	5	9	82	8335	8541	1.17e-010	57.0
generic|c17611_g2_i1-AMm1_m_127328|c17611_g2_i1-AMm1_g.127328|type:3prime_partial|len:513|gc:universal|c17611_g2_i1-AMm1:132-1667(+)	CALMACT00000000800	512	489	32	97.546	163	4	0	169	331	1	489	4.67e-098	292
generic|c17635_g3_i1-AMm2	CALMACT00000008437	437	1740	87	25.707	389	249	40	56	434	661	1737	1.52e-019	90.1
generic|c17669_g3_i1-AMm3	CALMACT00000014549	1111	4806	99	70.335	627	81	105	505	1111	7	1632	0.0	775
generic|c17669_g3_i1-AMm3	CALMACT00000014549	1111	4806	99	30.449	601	302	116	61	569	2782	4512	3.54e-026	115
generic|c17669_g3_i1-AMm3	CALMACT00000014549	1111	4806	99	24.071	1238	681	259	13	1074	175	3639	1.39e-018	91.3
generic|c17669_g3_i1-AMm3	CALMACT00000014549	1111	4806	99	26.418	564	258	157	34	480	3163	4734	5.41e-016	82.8
generic|c17669_g3_i1-AMm3	CALMACT00000014549	1111	4806	99	31.429	140	86	10	64	198	4351	4755	5.67e-008	56.6
generic|c1818_g1_i1-AVm2	CALMACT00000002177	144	435	63	65.934	91	31	0	38	128	97	369	9.50e-039	127
generic|c1820_g1_i1-AVm3_m_274887|c1820_g1_i1-AVm3_g.274887|type:5prime_partial|len:172|gc:universal|c1820_g1_i1-AVm3:519-4(-)	CALMACT00000028417	171	504	96	99.394	165	1	0	7	171	7	501	1.19e-121	339
generic|c18204_g1_i1-AVm1_m_229074|c18204_g1_i1-AVm1_g.229074|type:5prime_partial|len:1006|gc:universal|c18204_g1_i1-AVm1:3-3020(+)	CALMACT00000026375	1005	2820	83	99.403	837	5	0	1	837	244	2754	0.0	1195
generic|c18670_g1_i1-AMm3_m_198782|c18670_g1_i1-AMm3_g.198782|type:5prime_partial|len:1534|gc:universal|c18670_g1_i1-AMm3:1-4602(+)	CALMACT00000034988	1533	4566	99	97.830	1521	33	0	13	1533	1	4563	0.0	2937
generic|c18675_g1_i1-AVm3	CALMACT00000012475	161	486	100	100.000	161	0	0	1	161	1	483	8.06e-120	333
generic|c18752_g1_i1-AVm1	CALMACT00000018168	571	1716	100	100.000	571	0	0	1	571	1	1713	0.0	1162
generic|c1878_g1_i1-AMm1_m_108566|c1878_g1_i1-AMm1_g.108566|type:5prime_partial|len:301|gc:universal|c1878_g1_i1-AMm1:911-9(-)	CALMACT00000018077	300	891	99	96.284	296	11	0	5	300	1	888	0.0	595
generic|c18798_g2_i1-AMm1_m_133514|c18798_g2_i1-AMm1_g.133514|type:5prime_partial|len:285|gc:universal|c18798_g2_i1-AMm1:1231-377(-)	CALMACT00000003318	284	747	87	100.000	248	0	0	37	284	1	744	2.86e-164	455
generic|c19209_g1_i1-AVm1	CALMACT00000003183	512	1539	100	100.000	512	0	0	1	512	1	1536	0.0	898
generic|c19240_g1_i1-AVm1	CALMACT00000002959	392	2826	100	99.578	237	1	0	1	237	1867	2577	1.04e-168	495
generic|c19240_g1_i1-AVm1	CALMACT00000002959	392	2826	100	52.134	328	151	6	65	392	853	1818	1.94e-119	367
generic|c19240_g1_i1-AVm1	CALMACT00000002959	392	2826	100	49.511	307	133	22	33	336	7	870	2.25e-095	304
generic|c19240_g1_i1-AVm1	CALMACT00000002959	392	2826	100	100.000	82	0	0	311	392	2578	2823	4.58e-046	168
generic|c19461_g1_i1-AVm1	CALMACT00000000772	337	1014	100	100.000	337	0	0	1	337	1	1011	0.0	700
generic|c19779_g1_i1-AMm2	CALMACT00000016832	75	210	92	100.000	69	0	0	7	75	1	207	3.25e-047	143
generic|c21071_g1_i1-AVm2	CALMACT00000004533	148	579	49	97.333	75	0	2	1	73	334	558	3.82e-039	130
generic|c21818_g1_i1-AVm3	CALMACT00000034270	610	1833	100	100.000	610	0	0	1	610	1	1830	0.0	1246
generic|c22038_g1_i1-AVm1	CALMACT00000026629	376	1131	100	100.000	376	0	0	1	376	1	1128	0.0	786
generic|c22622_g1_i1-AMm2_m_168479|c22622_g1_i1-AMm2_g.168479|type:5prime_partial|len:140|gc:universal|c22622_g1_i1-AMm2:433-14(-)	CALMACT00000018618	139	411	98	100.000	136	0	0	4	139	1	408	8.36e-100	281
generic|c23491_g1_i1-AVm1_m_233183|c23491_g1_i1-AVm1_g.233183|type:internal|len:150|gc:universal|c23491_g1_i1-AVm1:448-2(-)	CALMACT00000016198	149	402	66	100.000	98	0	0	50	147	106	399	2.57e-066	197
generic|c24411_g1_i1-AVm2	CALMACT00000000613	133	402	100	100.000	133	0	0	1	133	1	399	1.91e-095	270
generic|c25095_g1_i1-AVm3	CALMACT00000021208	243	732	63	100.000	118	0	0	1	118	1	354	4.38e-042	142
generic|c25095_g1_i1-AVm3	CALMACT00000021208	243	732	63	100.000	36	0	0	208	243	622	729	2.27e-016	75.1
generic|c26057_g1_i1-AVm2_m_266014|c26057_g1_i1-AVm2_g.266014|type:5prime_partial|len:333|gc:universal|c26057_g1_i1-AVm2:1184-186(-)	CALMACT00000003684	332	957	96	69.592	319	96	1	14	332	1	954	1.62e-165	462
generic|c26637_g1_i1-AMm1_m_137228|c26637_g1_i1-AMm1_g.137228|type:internal|len:243|gc:universal|c26637_g1_i1-AMm1:726-1(-)	CALMACT00000032545	242	747	97	100.000	235	0	0	5	239	1	705	3.00e-179	491
generic|c26729_g1_i1-AVm2	CALMACT00000027003	237	690	97	37.662	231	139	5	1	231	1	678	7.23e-039	134
generic|c26746_g1_i1-AVm2	CALMACT00000015668	648	993	51	100.000	330	0	0	31	360	1	990	0.0	690
generic|c27222_g1_i1-AVm2_m_266865|c27222_g1_i1-AVm2_g.266865|type:5prime_partial|len:313|gc:universal|c27222_g1_i1-AVm2:995-57(-)	CALMACT00000011760	312	894	95	100.000	297	0	0	16	312	1	891	0.0	615
generic|c27558_g1_i1-AMm1	CALMACT00000013084	86	225	86	100.000	74	0	0	13	86	1	222	2.49e-050	152
generic|c27847_g1_i1-AVm2	CALMACT00000001101	128	351	78	99.000	100	1	0	29	128	49	348	1.17e-072	211
generic|c28286_g1_i1-AVm2	CALMACT00000011868	93	237	59	100.000	55	0	0	1	55	1	165	7.38e-022	80.5
generic|c28366_g1_i1-AVm1	CALMACT00000025205	238	333	46	100.000	110	0	0	129	238	1	330	1.27e-080	236
generic|c28691_g1_i1-AVm3	CALMACT00000008497	657	1974	100	100.000	657	0	0	1	657	1	1971	0.0	1106
generic|c28899_g1_i1-AVm1	CALMACT00000021239	389	1170	100	100.000	389	0	0	1	389	1	1167	0.0	748
generic|c28953_g1_i1-AMm1_m_137878|c28953_g1_i1-AMm1_g.137878|type:5prime_partial|len:362|gc:universal|c28953_g1_i1-AMm1:2-1087(+)	CALMACT00000008034	361	1065	93	100.000	337	0	0	8	344	1	1011	0.0	664
generic|c30229_g1_i1-AVm1	CALMACT00000034969	159	369	47	97.333	75	2	0	1	75	1	225	2.38e-047	149
generic|c30353_g1_i1-AMm1_m_138439|c30353_g1_i1-AMm1_g.138439|type:5prime_partial|len:249|gc:universal|c30353_g1_i1-AMm1:1-747(+)	CALMACT00000023544	248	642	86	100.000	213	0	0	36	248	1	639	2.84e-159	439
generic|c30380_g1_i1-AMm3_m_203382|c30380_g1_i1-AMm3_g.203382|type:5prime_partial|len:198|gc:universal|c30380_g1_i1-AMm3:647-54(-)	CALMACT00000018600	197	735	73	88.811	143	16	0	55	197	304	732	2.57e-092	269
generic|c30380_g1_i1-AMm3_m_203382|c30380_g1_i1-AMm3_g.203382|type:5prime_partial|len:198|gc:universal|c30380_g1_i1-AMm3:647-54(-)	CALMACT00000018600	197	735	73	100.000	103	0	0	84	186	1	309	1.41e-071	216
generic|c30830_g1_i1-AMm2_m_171018|c30830_g1_i1-AMm2_g.171018|type:5prime_partial|len:277|gc:universal|c30830_g1_i1-AMm2:1-831(+)	CALMACT00000031805	276	780	94	100.000	259	0	0	18	276	1	777	1.08e-162	451
generic|c31377_g1_i1-AVm2_m_268494|c31377_g1_i1-AVm2_g.268494|type:5prime_partial|len:522|gc:universal|c31377_g1_i1-AVm2:1714-149(-)	CALMACT00000014416	521	837	53	100.000	278	0	0	244	521	1	834	0.0	563
generic|c31548_g1_i1-AMm2_m_171514|c31548_g1_i1-AMm2_g.171514|type:5prime_partial|len:187|gc:universal|c31548_g1_i1-AMm2:3-563(+)	CALMACT00000028592	186	348	77	100.000	115	0	0	72	186	1	345	1.11e-082	239
generic|c31548_g1_i1-AMm2_m_171514|c31548_g1_i1-AMm2_g.171514|type:5prime_partial|len:187|gc:universal|c31548_g1_i1-AMm2:3-563(+)	CALMACT00000028592	186	348	77	43.750	64	35	1	43	106	133	321	2.45e-012	60.1
generic|c3207_g1_i2-AVm2	CALMACT00000008250	444	951	61	100.000	269	0	0	48	316	142	948	0.0	508
generic|c32184_g1_i1-AMm1_m_138895|c32184_g1_i1-AMm1_g.138895|type:5prime_partial|len:445|gc:universal|c32184_g1_i1-AMm1:1-1335(+)	CALMACT00000022090	444	1329	99	100.000	442	0	0	3	444	1	1326	0.0	873
generic|c33253_g1_i1-AMm3_m_204345|c33253_g1_i1-AMm3_g.204345|type:5prime_partial|len:138|gc:universal|c33253_g1_i1-AMm3:2-415(+)	CALMACT00000035026	137	312	75	100.000	103	0	0	35	137	1	309	4.95e-074	215
generic|c35027_g1_i1-AMm3_m_204855|c35027_g1_i1-AMm3_g.204855|type:5prime_partial|len:168|gc:universal|c35027_g1_i1-AMm3:820-317(-)	CALMACT00000003949	167	450	89	100.000	149	0	0	19	167	1	447	7.23e-111	311
generic|c35098_g1_i1-AMm2_m_172745|c35098_g1_i1-AMm2_g.172745|type:5prime_partial|len:149|gc:universal|c35098_g1_i1-AMm2:466-20(-)	CALMACT00000010646	148	330	35	90.385	52	5	0	50	101	154	309	4.39e-029	102
generic|c3513_g1_i1-AVm3	CALMACT00000033532	529	1902	95	36.742	528	303	31	22	524	127	1692	7.75e-115	352
generic|c35588_g1_i1-AVm1_m_237283|c35588_g1_i1-AVm1_g.237283|type:5prime_partial|len:251|gc:universal|c35588_g1_i1-AVm1:800-48(-)	CALMACT00000028658	250	732	97	100.000	243	0	0	8	250	1	729	7.70e-179	490
generic|c36158_g1_i1-AVm2_m_270401|c36158_g1_i1-AVm2_g.270401|type:5prime_partial|len:283|gc:universal|c36158_g1_i1-AVm2:906-58(-)	CALMACT00000025439	282	1413	90	85.098	255	1	37	28	282	757	1410	1.14e-150	429
generic|c36373_g1_i1-AVm2_m_270552|c36373_g1_i1-AVm2_g.270552|type:5prime_partial|len:168|gc:universal|c36373_g1_i1-AVm2:577-74(-)	CALMACT00000002938	167	486	96	100.000	161	0	0	7	167	1	483	3.00e-103	292
generic|c6301_g1_i1-AVm2	CALMACT00000028481	471	708	50	100.000	235	0	0	237	471	1	705	1.20e-163	460
generic|c8375_g1_i2-AMm2_m_146060|c8375_g1_i2-AMm2_g.146060|type:5prime_partial|len:378|gc:universal|c8375_g1_i2-AMm2:1-1134(+)	CALMACT00000024052	377	1083	92	100.000	348	0	0	18	365	1	1044	0.0	723
generic|c9379_g1_i1-AMm3_m_179343|c9379_g1_i1-AMm3_g.179343|type:5prime_partial|len:183|gc:universal|c9379_g1_i1-AMm3:1-549(+)	CALMACT00000033509	182	498	91	100.000	165	0	0	18	182	1	495	9.87e-123	342
generic|c9782_g1_i1-AMm1_m_113592|c9782_g1_i1-AMm1_g.113592|type:5prime_partial|len:114|gc:universal|c9782_g1_i1-AMm1:405-64(-)	CALMACT00000024170	113	315	92	98.077	104	2	0	10	113	1	312	1.22e-073	213
generic|Nc10476_g1_i1-AVm	CALMACT00000019914	64	480	100	100.000	64	0	0	1	64	286	477	2.91e-031	105
generic|Nc10476_g1_i1-AVm	CALMACT00000019914	64	480	100	88.889	63	7	0	1	63	1	189	5.80e-026	92.0
generic|Nc10526_g1_i1-AMm1	CALMACT00000016608	65	372	100	34.286	70	41	5	1	65	160	369	4.10e-008	45.4
generic|Nc10608_g1_i1-AMm2	CALMACT00000032985	88	324	95	100.000	84	0	0	5	88	70	321	1.12e-058	174
generic|Nc11490_g1_i1-AMm1	CALMACT00000031496	68	207	100	98.529	68	1	0	1	68	1	204	4.06e-045	137
generic|Nc13254_g1_i2-AMm2	CALMACT00000011479	61	153	66	60.000	40	16	0	17	56	1	120	1.40e-009	47.4
generic|Nc17082_g5_i1-AMm2	CALMACT00000018923	665	915	63	79.681	251	51	0	172	422	112	864	1.31e-145	424
generic|Nc17082_g5_i1-AMm2	CALMACT00000018923	665	915	63	100.000	170	0	0	1	170	403	912	1.74e-117	352
generic|Nc21544_g1_i1-AMm3	CALMACT00000009626	67	921	54	75.676	37	8	1	26	61	619	729	9.72e-014	62.8
generic|NTR29301c0_g1_i3	CALMACT00000014459	54	618	100	98.148	54	1	0	1	54	454	615	2.45e-028	99.0
generic|NTR29301c0_g1_i3	CALMACT00000014459	54	618	100	92.453	53	4	0	1	53	316	474	3.22e-026	93.6
generic|NTR29301c0_g1_i3	CALMACT00000014459	54	618	100	92.453	53	4	0	1	53	178	336	1.70e-025	91.7
generic|NTR29301c0_g1_i3	CALMACT00000014459	54	618	100	92.453	53	4	0	1	53	247	405	3.13e-025	90.9
generic|NTR29301c0_g1_i3	CALMACT00000014459	54	618	100	84.906	53	8	0	1	53	385	543	5.59e-023	85.1
generic|NTR29301c0_g1_i3	CALMACT00000014459	54	618	100	79.245	53	11	0	1	53	109	267	2.05e-020	78.6
generic|NTR29301c0_g1_i3	CALMACT00000014459	54	618	100	77.143	35	8	0	19	53	94	198	1.22e-010	52.8
generic|NTR40500c0_g1_i3	CALMACT00000003376	380	1251	98	98.660	373	5	0	1	373	1	1119	0.0	766
generic|NTR55331c4_g4_i1	CALMACT00000028145	62	462	97	70.000	60	18	0	2	61	262	441	1.65e-025	90.5
generic|NTR71857c0_g2_i1	CALMACT00000030586	486	1605	95	88.362	464	54	0	23	486	211	1602	0.0	849
generic|TR10025_c1_g9_i1_m_16951|TR10025_c1_g9_i1_g.16951|type:5prime_partial|len:537|gc:universal|TR10025_c1_g9_i1:1-1611(+)	CALMACT00000021809	536	1488	92	100.000	495	0	0	42	536	1	1485	0.0	937
generic|TR10061_c1_g2_i2_m_17300|TR10061_c1_g2_i2_g.17300|type:complete|len:393|gc:universal|TR10061_c1_g2_i2:653-1831(+)	CALMACT00000004239	392	1179	92	91.690	361	30	0	31	391	4	1086	0.0	686
generic|TR10766_c0_g1_i1_m_18402|TR10766_c0_g1_i1_g.18402|type:5prime_partial|len:409|gc:universal|TR10766_c0_g1_i1:1-1227(+)	CALMACT00000020658	408	951	75	98.361	305	5	0	22	326	1	915	0.0	587
generic|TR1123_c2_g1_i10_m_1601|TR1123_c2_g1_i10_g.1601|type:5prime_partial|len:364|gc:universal|TR1123_c2_g1_i10:1-1092(+)	CALMACT00000030967	363	717	53	67.876	193	62	0	39	231	136	714	1.34e-087	263
generic|TR12878_c3_g4_i1_m_20955|TR12878_c3_g4_i1_g.20955|type:5prime_partial|len:375|gc:universal|TR12878_c3_g4_i1:3-1127(+)	CALMACT00000014641	374	1047	93	100.000	348	0	0	27	374	1	1044	0.0	686
generic|TR14472_c0_g2_i2_m_22240|TR14472_c0_g2_i2_g.22240|type:5prime_partial|len:359|gc:universal|TR14472_c0_g2_i2:1-1077(+)	CALMACT00000021686	358	1023	74	98.496	266	4	0	11	276	1	798	2.38e-174	487
generic|TR14521_c0_g1_i2_m_22442|TR14521_c0_g1_i2_g.22442|type:3prime_partial|len:764|gc:universal|TR14521_c0_g1_i2:224-2512(+)	CALMACT00000021397	763	2832	60	51.481	439	139	74	306	735	823	1944	4.40e-078	269
generic|TR14521_c0_g1_i2_m_22442|TR14521_c0_g1_i2_g.22442|type:3prime_partial|len:764|gc:universal|TR14521_c0_g1_i2:224-2512(+)	CALMACT00000021397	763	2832	60	46.421	489	169	93	306	763	283	1563	2.63e-073	256
generic|TR14521_c0_g1_i2_m_22442|TR14521_c0_g1_i2_g.22442|type:3prime_partial|len:764|gc:universal|TR14521_c0_g1_i2:224-2512(+)	CALMACT00000021397	763	2832	60	49.199	437	141	81	305	730	1009	2109	7.40e-069	243
generic|TR14521_c0_g1_i2_m_22442|TR14521_c0_g1_i2_g.22442|type:3prime_partial|len:764|gc:universal|TR14521_c0_g1_i2:224-2512(+)	CALMACT00000021397	763	2832	60	46.022	465	151	100	334	763	4	1203	2.73e-063	227
generic|TR14521_c0_g1_i2_m_22442|TR14521_c0_g1_i2_g.22442|type:3prime_partial|len:764|gc:universal|TR14521_c0_g1_i2:224-2512(+)	CALMACT00000021397	763	2832	60	48.810	336	125	47	401	735	1	870	1.43e-054	202
generic|TR14521_c0_g1_i2_m_22442|TR14521_c0_g1_i2_g.22442|type:3prime_partial|len:764|gc:universal|TR14521_c0_g1_i2:224-2512(+)	CALMACT00000021397	763	2832	60	44.744	371	137	68	305	668	1369	2298	4.36e-044	170
generic|TR14537_c0_g1_i2_m_22709|TR14537_c0_g1_i2_g.22709|type:complete|len:345|gc:universal|TR14537_c0_g1_i2:119-1153(+)	CALMACT00000015375	344	1035	65	99.552	223	1	0	1	223	1	669	7.11e-091	275
generic|TR14583_c0_g2_i1_m_22830|TR14583_c0_g2_i1_g.22830|type:complete|len:545|gc:universal|TR14583_c0_g2_i1:247-1881(+)	CALMACT00000009480	544	2181	100	92.096	544	8	35	1	544	652	2178	0.0	972
generic|TR14583_c0_g2_i1_m_22830|TR14583_c0_g2_i1_g.22830|type:complete|len:545|gc:universal|TR14583_c0_g2_i1:247-1881(+)	CALMACT00000009480	544	2181	100	55.114	176	71	8	53	221	58	582	8.88e-054	193
generic|TR15916c1_g1_i1	CALMACT00000021785	702	3999	71	100.000	501	0	0	202	702	1	1503	0.0	1027
generic|TR15916c1_g1_i1	CALMACT00000021785	702	3999	71	40.385	156	63	30	577	702	1672	2139	1.16e-012	70.9
generic|TR15916c1_g1_i1	CALMACT00000021785	702	3999	71	40.606	165	68	30	568	702	1963	2457	2.23e-012	70.1
generic|TR15916c1_g1_i1	CALMACT00000021785	702	3999	71	41.667	156	61	30	577	702	2149	2616	6.20e-012	68.6
generic|TR15916c1_g1_i1	CALMACT00000021785	702	3999	71	41.667	156	61	30	577	702	2308	2775	6.47e-012	68.6
generic|TR15916c1_g1_i1	CALMACT00000021785	702	3999	71	41.667	156	61	30	577	702	2467	2934	6.47e-012	68.6
generic|TR15916c1_g1_i1	CALMACT00000021785	702	3999	71	41.667	156	61	30	577	702	2626	3093	6.47e-012	68.6
generic|TR15916c1_g1_i1	CALMACT00000021785	702	3999	71	43.333	120	58	10	579	688	1519	1878	2.45e-011	66.6
generic|TR15916c1_g1_i1	CALMACT00000021785	702	3999	71	41.401	157	60	32	577	702	1831	2298	2.65e-011	66.6
generic|TR15916c1_g1_i1	CALMACT00000021785	702	3999	71	44.262	122	58	10	577	688	2785	3150	2.76e-011	66.2
generic|TR16804_c0_g1_i1_m_25371|TR16804_c0_g1_i1_g.25371|type:complete|len:152|gc:universal|TR16804_c0_g1_i1:74-529(+)	CALMACT00000020723	151	450	91	60.140	143	48	9	15	151	28	447	8.81e-057	173
generic|TR17052_c0_g1_i2_m_25584|TR17052_c0_g1_i2_g.25584|type:complete|len:153|gc:universal|TR17052_c0_g1_i2:143-601(+)	CALMACT00000024676	152	459	100	100.000	152	0	0	1	152	1	456	9.30e-114	317
generic|TR17077_c0_g1_i2_m_25633|TR17077_c0_g1_i2_g.25633|type:complete|len:244|gc:universal|TR17077_c0_g1_i2:142-873(+)	CALMACT00000025122	243	732	100	100.000	243	0	0	1	243	1	729	1.08e-162	449
generic|TR18048_c0_g1_i3_m_26129|TR18048_c0_g1_i3_g.26129|type:complete|len:316|gc:universal|TR18048_c0_g1_i3:325-1272(+)	CALMACT00000022527	315	948	100	100.000	315	0	0	1	315	1	945	0.0	647
generic|TR20035c1_g1_i1	CALMACT00000025279	335	255	19	100.000	62	0	0	76	137	67	252	5.75e-039	132
generic|TR20035c1_g1_i6	CALMACT00000025279	222	255	38	90.476	84	8	0	53	136	1	252	3.16e-038	127
generic|TR20043c1_g1_i9	CALMACT00000012193	256	492	62	97.484	159	4	0	98	256	13	489	1.15e-106	305
generic|TR21224_c3_g6_i12_m_29405|TR21224_c3_g6_i12_g.29405|type:complete|len:556|gc:universal|TR21224_c3_g6_i12:506-2173(+)	CALMACT00000033641	555	1704	94	98.084	522	1	9	17	538	160	1698	0.0	1049
generic|TR22670_c0_g1_i1_m_30543|TR22670_c0_g1_i1_g.30543|type:complete|len:143|gc:universal|TR22670_c0_g1_i1:235-663(+)	CALMACT00000008851	142	429	100	100.000	142	0	0	1	142	1	426	1.53e-092	263
generic|TR23829_c5_g10_i2_m_32596|TR23829_c5_g10_i2_g.32596|type:complete|len:252|gc:universal|TR23829_c5_g10_i2:534-1289(+)	CALMACT00000003785	251	1131	99	100.000	248	0	0	1	248	1	744	0.0	519
generic|TR23829c5_g10_i3	CALMACT00000003785	376	1131	100	100.000	376	0	0	1	376	1	1128	0.0	787
generic|TR23859_c2_g1_i7_m_32764|TR23859_c2_g1_i7_g.32764|type:complete|len:416|gc:universal|TR23859_c2_g1_i7:124-1371(+)	CALMACT00000021989	415	1095	88	100.000	364	0	0	52	415	1	1092	0.0	755
generic|TR24206c7_g1_i2	CALMACT00000034106	487	2190	50	100.000	245	0	0	85	329	1456	2190	3.11e-159	468
generic|TR24354_c0_g2_i3_m_34205|TR24354_c0_g2_i3_g.34205|type:complete|len:312|gc:universal|TR24354_c0_g2_i3:188-1123(+)	CALMACT00000014529	311	942	98	62.783	309	107	8	1	305	1	915	4.43e-125	359
generic|TR26271c0_g5_i2	CALMACT00000014549	228	4806	60	52.899	138	57	8	15	151	2902	3294	2.28e-020	88.6
generic|TR26271c0_g5_i2	CALMACT00000014549	228	4806	60	63.380	71	24	2	15	83	4468	4680	7.63e-017	78.2
generic|TR26271c0_g5_i2	CALMACT00000014549	228	4806	60	53.333	75	32	3	41	115	3418	3633	5.19e-014	70.1
generic|TR28238_c1_g5_i1_m_41247|TR28238_c1_g5_i1_g.41247|type:internal|len:125|gc:universal|TR28238_c1_g5_i1:1-372(+)	CALMACT00000022978	124	1383	100	92.742	124	9	0	1	124	202	573	1.95e-064	201
generic|TR28238_c1_g5_i1_m_41247|TR28238_c1_g5_i1_g.41247|type:internal|len:125|gc:universal|TR28238_c1_g5_i1:1-372(+)	CALMACT00000022978	124	1383	100	93.548	124	5	3	1	124	850	1212	9.22e-061	192
generic|TR28238_c1_g5_i1_m_41247|TR28238_c1_g5_i1_g.41247|type:internal|len:125|gc:universal|TR28238_c1_g5_i1:1-372(+)	CALMACT00000022978	124	1383	100	92.742	124	6	3	1	124	421	783	5.16e-060	190
generic|TR28238_c1_g5_i1_m_41247|TR28238_c1_g5_i1_g.41247|type:internal|len:125|gc:universal|TR28238_c1_g5_i1:1-372(+)	CALMACT00000022978	124	1383	100	88.710	124	11	3	1	124	640	1002	2.58e-057	183
generic|TR28238_c1_g5_i1_m_41247|TR28238_c1_g5_i1_g.41247|type:internal|len:125|gc:universal|TR28238_c1_g5_i1:1-372(+)	CALMACT00000022978	124	1383	100	79.661	118	24	0	7	124	1	354	1.36e-048	160
generic|TR28238_c1_g5_i1_m_41247|TR28238_c1_g5_i1_g.41247|type:internal|len:125|gc:universal|TR28238_c1_g5_i1:1-372(+)	CALMACT00000022978	124	1383	100	80.392	102	16	4	1	101	1069	1365	8.44e-035	124
generic|TR28238_c2_g1_i4_m_41260|TR28238_c2_g1_i4_g.41260|type:5prime_partial|len:345|gc:universal|TR28238_c2_g1_i4:2-1036(+)	CALMACT00000033233	344	645	33	97.391	115	3	0	187	301	40	384	4.56e-061	194
generic|TR28238c2_g1_i1	CALMACT00000022978	418	1383	41	32.258	217	97	50	9	181	85	717	5.79e-021	94.0
generic|TR28238c2_g1_i1	CALMACT00000022978	418	1383	41	30.841	214	101	47	9	181	304	927	1.97e-018	86.3
generic|TR28238c2_g1_i1	CALMACT00000022978	418	1383	41	31.776	214	99	47	9	181	523	1146	3.73e-018	85.5
generic|TR28238c2_g1_i1	CALMACT00000022978	418	1383	41	27.861	201	101	44	9	168	733	1326	1.89e-016	80.1
generic|TR28238c2_g1_i1	CALMACT00000022978	418	1383	41	31.707	123	52	32	59	181	7	279	2.15e-010	61.6
generic|TR28238c2_g1_i3	CALMACT00000033233	338	645	34	81.897	116	20	1	180	295	40	384	5.56e-045	152
generic|TR28238c2_g1_i5	CALMACT00000033233	439	645	20	87.912	91	9	2	298	386	328	600	3.32e-035	129
generic|TR28238c2_g1_i6	CALMACT00000033233	304	645	29	80.000	90	16	2	193	280	328	597	7.94e-030	112
generic|TR28300_c2_g7_i1_m_41771|TR28300_c2_g7_i1_g.41771|type:5prime_partial|len:538|gc:universal|TR28300_c2_g7_i1:2-1615(+)	CALMACT00000004982	537	1041	64	69.565	345	103	2	62	404	4	1038	5.59e-178	504
generic|TR29301c0_g2_i1	CALMACT00000014459	103	618	100	100.000	103	0	0	1	103	1	309	4.07e-069	204
generic|TR29301c0_g2_i1	CALMACT00000014459	103	618	100	81.944	72	13	0	32	103	370	585	4.07e-032	110
generic|TR29301c0_g2_i1	CALMACT00000014459	103	618	100	79.452	73	15	0	31	103	298	516	9.47e-032	109
generic|TR29301c0_g2_i1	CALMACT00000014459	103	618	100	73.438	64	17	0	26	89	421	612	7.66e-024	89.4
generic|TR29424_c1_g1_i1_m_42799|TR29424_c1_g1_i1_g.42799|type:complete|len:535|gc:universal|TR29424_c1_g1_i1:130-1734(+)	CALMACT00000030586	534	1605	100	100.000	534	0	0	1	534	1	1602	0.0	1082
generic|TR29424c1_g2_i1	CALMACT00000030586	534	1605	100	96.067	534	21	0	1	534	1	1602	0.0	1045
generic|TR31221c0_g1_i1	CALMACT00000006905	647	1944	100	99.382	647	4	0	1	647	1	1941	0.0	1352
generic|TR31224_c1_g1_i3_m_46299|TR31224_c1_g1_i3_g.46299|type:5prime_partial|len:296|gc:universal|TR31224_c1_g1_i3:3-890(+)	CALMACT00000003913	295	882	99	99.656	291	1	0	5	295	7	879	0.0	600
generic|TR31230_c0_g1_i3_m_46389|TR31230_c0_g1_i3_g.46389|type:5prime_partial|len:637|gc:universal|TR31230_c0_g1_i3:1-1911(+)	CALMACT00000008020	636	1884	99	96.651	627	21	0	10	636	1	1881	0.0	1275
generic|TR33543_c0_g2_i5_m_48511|TR33543_c0_g2_i5_g.48511|type:complete|len:300|gc:universal|TR33543_c0_g2_i5:210-1109(+)	CALMACT00000010321	299	900	100	91.304	299	26	0	1	299	1	897	0.0	570
generic|TR36298_c0_g1_i2_m_51838|TR36298_c0_g1_i2_g.51838|type:complete|len:438|gc:universal|TR36298_c0_g1_i2:195-1508(+)	CALMACT00000008437	437	1740	87	25.964	389	248	40	56	434	661	1737	1.84e-021	96.3
generic|TR3632_c1_g1_i6_m_6872|TR3632_c1_g1_i6_g.6872|type:5prime_partial|len:239|gc:universal|TR3632_c1_g1_i6:3-719(+)	CALMACT00000013965	238	594	82	100.000	196	0	0	43	238	1	588	2.38e-147	408
generic|TR36341_c1_g1_i4_m_52130|TR36341_c1_g1_i4_g.52130|type:3prime_partial|len:307|gc:universal|TR36341_c1_g1_i4:127-1044(+)	CALMACT00000018958	306	1359	66	98.522	203	3	0	1	203	127	735	1.79e-144	413
generic|TR38162_c3_g1_i1_m_56082|TR38162_c3_g1_i1_g.56082|type:complete|len:211|gc:universal|TR38162_c3_g1_i1:520-1152(+)	CALMACT00000009606	210	420	46	89.583	96	9	1	115	210	133	417	6.81e-055	171
generic|TR39146c4_g3_i1	CALMACT00000010593	461	1386	100	98.265	461	8	0	1	461	1	1383	0.0	943
generic|TR40472_c2_g3_i1_m_58333|TR40472_c2_g3_i1_g.58333|type:complete|len:402|gc:universal|TR40472_c2_g3_i1:235-1440(+)	CALMACT00000032777	401	1206	100	100.000	401	0	0	1	401	1	1203	0.0	838
generic|TR40500_c0_g1_i2_m_58508|TR40500_c0_g1_i2_g.58508|type:complete|len:381|gc:universal|TR40500_c0_g1_i2:42-1184(+)	CALMACT00000003376	380	1251	98	98.123	373	7	0	1	373	1	1119	0.0	760
generic|TR40631c0_g1_i1	CALMACT00000005394	188	525	93	98.851	174	2	0	15	188	1	522	1.16e-117	330
generic|TR41259_c1_g3_i10_m_60140|TR41259_c1_g3_i10_g.60140|type:3prime_partial|len:311|gc:universal|TR41259_c1_g3_i10:76-1005(+)	CALMACT00000008204	310	4440	100	95.806	310	13	0	1	310	46	975	0.0	590
generic|TR41259_c1_g3_i10_m_60140|TR41259_c1_g3_i10_g.60140|type:3prime_partial|len:311|gc:universal|TR41259_c1_g3_i10:76-1005(+)	CALMACT00000008204	310	4440	100	95.623	297	13	0	14	310	1084	1974	0.0	562
generic|TR41259_c1_g3_i10_m_60140|TR41259_c1_g3_i10_g.60140|type:3prime_partial|len:311|gc:universal|TR41259_c1_g3_i10:76-1005(+)	CALMACT00000008204	310	4440	100	100.000	267	0	0	44	310	2290	3090	5.01e-173	516
generic|TR41259_c1_g3_i10_m_60140|TR41259_c1_g3_i10_g.60140|type:3prime_partial|len:311|gc:universal|TR41259_c1_g3_i10:76-1005(+)	CALMACT00000008204	310	4440	100	86.760	287	32	6	14	294	3199	4059	4.76e-161	485
generic|TR41575_c1_g2_i1_m_60625|TR41575_c1_g2_i1_g.60625|type:complete|len:446|gc:universal|TR41575_c1_g2_i1:354-1691(+)	CALMACT00000008204	445	4440	98	78.068	383	84	0	14	396	1084	2232	0.0	643
generic|TR41575_c1_g2_i1_m_60625|TR41575_c1_g2_i1_g.60625|type:complete|len:446|gc:universal|TR41575_c1_g2_i1:354-1691(+)	CALMACT00000008204	445	4440	98	68.692	428	99	35	14	435	3199	4395	0.0	595
generic|TR41575_c1_g2_i1_m_60625|TR41575_c1_g2_i1_g.60625|type:complete|len:446|gc:universal|TR41575_c1_g2_i1:354-1691(+)	CALMACT00000008204	445	4440	98	69.598	398	118	3	1	395	46	1239	0.0	578
generic|TR41575_c1_g2_i1_m_60625|TR41575_c1_g2_i1_g.60625|type:complete|len:446|gc:universal|TR41575_c1_g2_i1:354-1691(+)	CALMACT00000008204	445	4440	98	73.939	330	84	2	44	371	2290	3279	5.47e-167	506
generic|TR4273_c0_g1_i2_m_7576|TR4273_c0_g1_i2_g.7576|type:complete|len:277|gc:universal|TR4273_c0_g1_i2:97-927(+)	CALMACT00000024208	276	864	97	100.000	267	0	0	10	276	61	861	0.0	558
generic|TR42910_c0_g1_i1_m_62234|TR42910_c0_g1_i1_g.62234|type:complete|len:235|gc:universal|TR42910_c0_g1_i1:301-1005(+)	CALMACT00000023840	234	594	84	100.000	197	0	0	38	234	1	591	5.73e-140	389
generic|TR44291_c3_g1_i1_m_63361|TR44291_c3_g1_i1_g.63361|type:complete|len:377|gc:universal|TR44291_c3_g1_i1:215-1345(+)	CALMACT00000003785	376	1131	100	83.511	376	62	0	1	376	1	1128	0.0	689
generic|TR47936_c0_g1_i1_m_67123|TR47936_c0_g1_i1_g.67123|type:complete|len:373|gc:universal|TR47936_c0_g1_i1:78-1196(+)	CALMACT00000019669	372	1119	100	100.000	372	0	0	1	372	1	1116	0.0	783
generic|TR48097_c0_g1_i2_m_67282|TR48097_c0_g1_i2_g.67282|type:5prime_partial|len:242|gc:universal|TR48097_c0_g1_i2:1-726(+)	CALMACT00000027003	241	690	95	98.253	229	4	0	13	241	1	687	1.26e-138	387
generic|TR48652_c0_g2_i1_m_67533|TR48652_c0_g2_i1_g.67533|type:complete|len:506|gc:universal|TR48652_c0_g2_i1:156-1673(+)	CALMACT00000015762	505	1164	77	100.000	387	0	0	1	387	1	1161	0.0	803
generic|TR49048c2_g2_i6	CALMACT00000002506	157	480	95	75.839	149	36	0	7	155	1	447	2.42e-078	228
generic|TR49381_c0_g1_i1_m_68518|TR49381_c0_g1_i1_g.68518|type:5prime_partial|len:152|gc:universal|TR49381_c0_g1_i1:1-456(+)	CALMACT00000007720	151	786	48	100.000	51	0	0	40	90	1	153	3.16e-015	55.1
generic|TR49381_c0_g1_i1_m_68518|TR49381_c0_g1_i1_g.68518|type:5prime_partial|len:152|gc:universal|TR49381_c0_g1_i1:1-456(+)	CALMACT00000007720	151	786	48	90.909	22	2	0	130	151	270	335	3.16e-015	41.6
generic|TR50099c0_g2_i1	CALMACT00000009241	211	498	87	100.000	160	0	0	52	211	16	495	1.22e-102	292
generic|TR50099c0_g2_i1	CALMACT00000009241	211	498	87	50.694	144	71	0	28	171	58	489	4.38e-031	110
generic|TR51686_c0_g1_i2_m_70271|TR51686_c0_g1_i2_g.70271|type:complete|len:379|gc:universal|TR51686_c0_g1_i2:249-1385(+)	CALMACT00000013412	378	831	59	100.000	223	0	0	103	325	1	669	2.16e-156	440
generic|TR52424_c2_g1_i3_m_71204|TR52424_c2_g1_i3_g.71204|type:3prime_partial|len:1524|gc:universal|TR52424_c2_g1_i3:180-4748(+)	CALMACT00000028999	1523	10050	100	99.934	1523	1	0	1	1523	1	4569	0.0	3044
generic|TR52424_c2_g1_i3_m_71204|TR52424_c2_g1_i3_g.71204|type:3prime_partial|len:1524|gc:universal|TR52424_c2_g1_i3:180-4748(+)	CALMACT00000028999	1523	10050	100	35.461	705	353	102	860	1523	4648	6579	4.75e-062	234
generic|TR52424_c2_g1_i3_m_71204|TR52424_c2_g1_i3_g.71204|type:3prime_partial|len:1524|gc:universal|TR52424_c2_g1_i3:180-4748(+)	CALMACT00000028999	1523	10050	100	35.603	705	352	102	860	1523	5050	6981	4.75e-062	234
generic|TR52424_c2_g1_i3_m_71204|TR52424_c2_g1_i3_g.71204|type:3prime_partial|len:1524|gc:universal|TR52424_c2_g1_i3:180-4748(+)	CALMACT00000028999	1523	10050	100	37.255	612	297	87	942	1523	4513	6177	1.68e-060	229
generic|TR52424_c2_g1_i3_m_71204|TR52424_c2_g1_i3_g.71204|type:3prime_partial|len:1524|gc:universal|TR52424_c2_g1_i3:180-4748(+)	CALMACT00000028999	1523	10050	100	33.333	705	368	102	860	1523	5452	7383	4.31e-053	205
generic|TR52424_c2_g1_i3_m_71204|TR52424_c2_g1_i3_g.71204|type:3prime_partial|len:1524|gc:universal|TR52424_c2_g1_i3:180-4748(+)	CALMACT00000028999	1523	10050	100	32.208	711	367	115	860	1523	5854	7782	1.04e-049	194
generic|TR52424_c2_g1_i3_m_71204|TR52424_c2_g1_i3_g.71204|type:3prime_partial|len:1524|gc:universal|TR52424_c2_g1_i3:180-4748(+)	CALMACT00000028999	1523	10050	100	27.711	664	368	112	860	1481	6658	8439	7.18e-025	112
generic|TR52424_c2_g3_i1_m_71207|TR52424_c2_g3_i1_g.71207|type:internal|len:116|gc:universal|TR52424_c2_g3_i1:2-346(+)	CALMACT00000028999	115	10050	100	100.000	115	0	0	1	115	5248	5592	4.57e-058	191
generic|TR52424_c2_g3_i1_m_71207|TR52424_c2_g3_i1_g.71207|type:internal|len:116|gc:universal|TR52424_c2_g3_i1:2-346(+)	CALMACT00000028999	115	10050	100	98.261	115	2	0	1	115	5650	5994	7.91e-057	188
generic|TR52424_c2_g3_i1_m_71207|TR52424_c2_g3_i1_g.71207|type:internal|len:116|gc:universal|TR52424_c2_g3_i1:2-346(+)	CALMACT00000028999	115	10050	100	98.261	115	2	0	1	115	6052	6396	7.91e-057	188
generic|TR52424_c2_g3_i1_m_71207|TR52424_c2_g3_i1_g.71207|type:internal|len:116|gc:universal|TR52424_c2_g3_i1:2-346(+)	CALMACT00000028999	115	10050	100	98.261	115	2	0	1	115	6856	7200	7.91e-057	188
generic|TR52424_c2_g3_i1_m_71207|TR52424_c2_g3_i1_g.71207|type:internal|len:116|gc:universal|TR52424_c2_g3_i1:2-346(+)	CALMACT00000028999	115	10050	100	96.522	115	4	0	1	115	4444	4788	2.48e-056	186
generic|TR52424_c2_g3_i1_m_71207|TR52424_c2_g3_i1_g.71207|type:internal|len:116|gc:universal|TR52424_c2_g3_i1:2-346(+)	CALMACT00000028999	115	10050	100	97.391	115	3	0	1	115	4846	5190	6.80e-056	185
generic|TR52424_c2_g3_i1_m_71207|TR52424_c2_g3_i1_g.71207|type:internal|len:116|gc:universal|TR52424_c2_g3_i1:2-346(+)	CALMACT00000028999	115	10050	100	96.522	115	4	0	1	115	6454	6798	2.59e-055	184
generic|TR52424_c2_g3_i1_m_71207|TR52424_c2_g3_i1_g.71207|type:internal|len:116|gc:universal|TR52424_c2_g3_i1:2-346(+)	CALMACT00000028999	115	10050	100	79.130	115	24	0	1	115	7258	7602	4.90e-043	148
generic|TR52424_c2_g3_i1_m_71207|TR52424_c2_g3_i1_g.71207|type:internal|len:116|gc:universal|TR52424_c2_g3_i1:2-346(+)	CALMACT00000028999	115	10050	100	82.558	86	13	2	30	115	4135	4386	1.06e-040	142
generic|TR52424_c2_g3_i1_m_71207|TR52424_c2_g3_i1_g.71207|type:internal|len:116|gc:universal|TR52424_c2_g3_i1:2-346(+)	CALMACT00000028999	115	10050	100	68.696	115	35	1	1	115	7660	8001	2.14e-032	118
generic|TR52424_c2_g3_i1_m_71207|TR52424_c2_g3_i1_g.71207|type:internal|len:116|gc:universal|TR52424_c2_g3_i1:2-346(+)	CALMACT00000028999	115	10050	100	68.605	86	27	0	30	115	8125	8382	7.63e-027	102
generic|TR52424c1_g1_i1	CALMACT00000028999	839	10050	100	100.000	839	0	0	1	839	7531	10047	0.0	1635
generic|TR52424c1_g1_i1	CALMACT00000028999	839	10050	100	48.092	524	203	69	1	502	5923	7353	3.10e-103	351
generic|TR52424c1_g1_i1	CALMACT00000028999	839	10050	100	47.818	527	206	69	1	505	5119	6558	3.64e-103	350
generic|TR52424c1_g1_i1	CALMACT00000028999	839	10050	100	64.157	332	111	8	1	324	4315	5310	8.66e-103	349
generic|TR52424c1_g1_i1	CALMACT00000028999	839	10050	100	62.462	333	117	8	1	325	6727	7725	1.96e-098	337
generic|TR52424c1_g1_i1	CALMACT00000028999	839	10050	100	55.385	260	109	7	72	324	4129	4908	1.89e-068	247
generic|TR52424c1_g1_i1	CALMACT00000028999	839	10050	100	36.050	319	142	62	202	505	4135	4950	3.39e-033	138
generic|TR53531_c8_g14_i4_m_74277|TR53531_c8_g14_i4_g.74277|type:5prime_partial|len:269|gc:universal|TR53531_c8_g14_i4:2-808(+)	CALMACT00000021397	268	2832	98	100.000	263	0	0	1	263	1927	2715	1.97e-171	497
generic|TR53531_c8_g14_i4_m_74277|TR53531_c8_g14_i4_g.74277|type:5prime_partial|len:269|gc:universal|TR53531_c8_g14_i4:2-808(+)	CALMACT00000021397	268	2832	98	44.712	208	88	27	1	197	1387	1962	2.56e-025	104
generic|TR53531_c8_g14_i4_m_74277|TR53531_c8_g14_i4_g.74277|type:5prime_partial|len:269|gc:universal|TR53531_c8_g14_i4:2-808(+)	CALMACT00000021397	268	2832	98	44.550	211	81	36	1	188	1207	1800	5.09e-024	100
generic|TR53531_c8_g14_i4_m_74277|TR53531_c8_g14_i4_g.74277|type:5prime_partial|len:269|gc:universal|TR53531_c8_g14_i4:2-808(+)	CALMACT00000021397	268	2832	98	43.814	194	85	24	1	183	313	855	6.40e-023	97.1
generic|TR53531_c8_g14_i4_m_74277|TR53531_c8_g14_i4_g.74277|type:5prime_partial|len:269|gc:universal|TR53531_c8_g14_i4:2-808(+)	CALMACT00000021397	268	2832	98	54.545	110	42	8	1	102	133	462	5.19e-022	94.4
generic|TR53531_c8_g14_i4_m_74277|TR53531_c8_g14_i4_g.74277|type:5prime_partial|len:269|gc:universal|TR53531_c8_g14_i4:2-808(+)	CALMACT00000021397	268	2832	98	43.128	211	84	36	1	188	1027	1620	2.82e-021	92.4
generic|TR53531_c8_g14_i4_m_74277|TR53531_c8_g14_i4_g.74277|type:5prime_partial|len:269|gc:universal|TR53531_c8_g14_i4:2-808(+)	CALMACT00000021397	268	2832	98	42.784	194	85	26	1	183	853	1389	1.42e-019	87.4
generic|TR53531_c8_g14_i4_m_74277|TR53531_c8_g14_i4_g.74277|type:5prime_partial|len:269|gc:universal|TR53531_c8_g14_i4:2-808(+)	CALMACT00000021397	268	2832	98	47.872	94	41	8	17	102	1	282	3.63e-013	68.6
generic|TR54108_c1_g5_i8_m_75112|TR54108_c1_g5_i8_g.75112|type:5prime_partial|len:182|gc:universal|TR54108_c1_g5_i8:3-548(+)	CALMACT00000025614	181	543	99	83.978	181	26	3	3	181	1	540	2.91e-107	303
generic|TR54108c1_g5_i3	CALMACT00000033207	182	549	100	90.659	182	17	0	1	182	1	546	1.81e-124	347
generic|TR54559c7_g2_i1	CALMACT00000018600	160	735	89	99.301	143	1	0	18	160	304	732	3.89e-106	302
generic|TR54559c7_g2_i1	CALMACT00000018600	160	735	89	89.320	103	11	0	47	149	1	309	5.39e-063	192
generic|TR55366_c0_g1_i3_m_78427|TR55366_c0_g1_i3_g.78427|type:internal|len:198|gc:universal|TR55366_c0_g1_i3:2-592(+)	CALMACT00000018923	197	915	86	82.249	169	30	0	29	197	1	507	4.83e-103	298
generic|TR55366_c0_g1_i5_m_78432|TR55366_c0_g1_i5_g.78432|type:complete|len:240|gc:universal|TR55366_c0_g1_i5:120-839(+)	CALMACT00000018923	239	915	90	100.000	215	0	0	1	215	1	645	4.94e-161	447
generic|TR55410c0_g2_i1	CALMACT00000005402	181	651	100	98.895	181	2	0	1	181	106	648	1.80e-135	376
generic|TR55420c0_g1_i1	CALMACT00000001896	435	1284	98	100.000	427	0	0	9	435	1	1281	0.0	885
generic|TR56120_c3_g3_i2_m_79548|TR56120_c3_g3_i2_g.79548|type:complete|len:132|gc:universal|TR56120_c3_g3_i2:259-654(+)	CALMACT00000002911	131	396	100	97.710	131	3	0	1	131	1	393	1.55e-095	270
generic|TR56166_c0_g1_i12_m_79696|TR56166_c0_g1_i12_g.79696|type:internal|len:768|gc:universal|TR56166_c0_g1_i12:3-2303(+)	CALMACT00000014549	767	4806	100	77.382	787	73	105	13	767	1180	3321	0.0	992
generic|TR56166_c0_g1_i12_m_79696|TR56166_c0_g1_i12_g.79696|type:internal|len:768|gc:universal|TR56166_c0_g1_i12:3-2303(+)	CALMACT00000014549	767	4806	100	39.140	907	287	265	1	767	1621	3966	1.31e-096	328
generic|TR56166_c0_g1_i12_m_79696|TR56166_c0_g1_i12_g.79696|type:internal|len:768|gc:universal|TR56166_c0_g1_i12:3-2303(+)	CALMACT00000014549	767	4806	100	45.690	348	107	82	375	669	3724	4680	2.47e-050	190
generic|TR56166_c0_g1_i12_m_79696|TR56166_c0_g1_i12_g.79696|type:internal|len:768|gc:universal|TR56166_c0_g1_i12:3-2303(+)	CALMACT00000014549	767	4806	100	32.029	971	368	292	22	767	1585	4296	3.99e-050	190
generic|TR56166_c0_g1_i12_m_79696|TR56166_c0_g1_i12_g.79696|type:internal|len:768|gc:universal|TR56166_c0_g1_i12:3-2303(+)	CALMACT00000014549	767	4806	100	31.849	449	238	68	16	425	22	1281	5.61e-044	171
generic|TR56166_c0_g1_i12_m_79696|TR56166_c0_g1_i12_g.79696|type:internal|len:768|gc:universal|TR56166_c0_g1_i12:3-2303(+)	CALMACT00000014549	767	4806	100	30.862	917	344	290	1	740	2293	4704	2.27e-042	166
generic|TR56166_c0_g1_i12_m_79696|TR56166_c0_g1_i12_g.79696|type:internal|len:768|gc:universal|TR56166_c0_g1_i12:3-2303(+)	CALMACT00000014549	767	4806	100	29.941	511	255	103	1	424	172	1656	1.49e-038	154
generic|TR56166_c0_g1_i12_m_79696|TR56166_c0_g1_i12_g.79696|type:internal|len:768|gc:universal|TR56166_c0_g1_i12:3-2303(+)	CALMACT00000014549	767	4806	100	65.116	43	15	0	579	621	4662	4790	2.29e-008	57.0
generic|TR56166c0_g1_i7	CALMACT00000014549	455	4806	100	51.126	444	116	101	13	371	1180	2463	1.32e-109	353
generic|TR56166c0_g1_i7	CALMACT00000014549	455	4806	100	35.714	532	206	136	16	455	22	1485	4.29e-070	241
generic|TR56166c0_g1_i7	CALMACT00000014549	455	4806	100	32.234	546	217	153	15	438	691	2235	1.39e-053	192
generic|TR56166c0_g1_i7	CALMACT00000014549	455	4806	100	28.807	486	251	95	1	444	2293	3591	7.43e-021	95.1
generic|TR56166c0_g1_i7	CALMACT00000014549	455	4806	100	26.306	536	233	162	22	426	1585	3099	5.24e-014	73.9
generic|TR56919c6_g2_i1	CALMACT00000000381	283	852	100	99.647	283	1	0	1	283	1	849	0.0	563
generic|TR57219_c0_g1_i2_m_81126|TR57219_c0_g1_i2_g.81126|type:complete|len:230|gc:universal|TR57219_c0_g1_i2:250-939(+)	CALMACT00000024239	229	900	50	99.123	114	1	0	110	223	7	348	1.44e-077	234
generic|TR57219_c0_g1_i2_m_81127|TR57219_c0_g1_i2_g.81127|type:complete|len:196|gc:universal|TR57219_c0_g1_i2:884-1471(+)	CALMACT00000024239	195	900	96	100.000	187	0	0	9	195	337	897	1.51e-138	388
generic|TR57219c0_g1_i1	CALMACT00000024239	406	900	73	96.633	297	10	0	110	406	7	897	0.0	592
generic|TR57234c6_g2_i1	CALMACT00000028145	80	462	100	87.500	80	10	0	1	80	220	459	1.19e-047	147
generic|TR57341_c2_g1_i1_m_82306|TR57341_c2_g1_i1_g.82306|type:complete|len:402|gc:universal|TR57341_c2_g1_i1:201-1406(+)	CALMACT00000027849	401	1206	100	100.000	401	0	0	1	401	1	1203	0.0	828
generic|TR57570_c0_g2_i1_m_82763|TR57570_c0_g2_i1_g.82763|type:complete|len:247|gc:universal|TR57570_c0_g2_i1:113-853(+)	CALMACT00000005943	246	762	98	99.174	242	2	0	1	242	1	726	1.02e-153	427
generic|TR57738_c0_g1_i3_m_82917|TR57738_c0_g1_i3_g.82917|type:complete|len:260|gc:universal|TR57738_c0_g1_i3:333-1112(+)	CALMACT00000001764	259	834	97	100.000	251	0	0	9	259	79	831	0.0	515
generic|TR59006_c0_g2_i1_m_83568|TR59006_c0_g2_i1_g.83568|type:complete|len:153|gc:universal|TR59006_c0_g2_i1:189-647(+)	CALMACT00000023325	152	459	76	60.870	115	45	0	36	150	109	453	4.57e-049	154
generic|TR6056_c0_g1_i16_m_9493|TR6056_c0_g1_i16_g.9493|type:complete|len:203|gc:universal|TR6056_c0_g1_i16:597-1205(+)	CALMACT00000004387	202	573	77	51.266	158	73	4	15	169	97	567	4.41e-049	157
generic|TR6101c1_g1_i1	CALMACT00000034629	331	222	17	100.000	57	0	0	56	112	46	216	3.88e-035	122
generic|TR61956_c4_g1_i1_m_85974|TR61956_c4_g1_i1_g.85974|type:complete|len:502|gc:universal|TR61956_c4_g1_i1:226-1731(+)	CALMACT00000030551	501	399	25	93.023	129	6	3	286	411	10	396	2.39e-081	248
generic|TR6343_c4_g1_i1_m_10280|TR6343_c4_g1_i1_g.10280|type:complete|len:188|gc:universal|TR6343_c4_g1_i1:236-799(+)	CALMACT00000034172	187	1347	81	97.351	151	4	0	21	171	61	513	1.44e-106	311
generic|TR6343_c4_g5_i1_m_10281|TR6343_c4_g5_i1_g.10281|type:complete|len:240|gc:universal|TR6343_c4_g5_i1:373-1092(+)	CALMACT00000034172	239	1347	89	94.667	225	0	12	27	239	670	1344	1.74e-153	433
generic|TR6343_c4_g5_i4_m_10284|TR6343_c4_g5_i4_g.10284|type:complete|len:449|gc:universal|TR6343_c4_g5_i4:236-1582(+)	CALMACT00000034172	448	1347	96	100.000	428	0	0	21	448	61	1344	0.0	887
generic|TR64284_c2_g6_i1_m_89095|TR64284_c2_g6_i1_g.89095|type:5prime_partial|len:571|gc:universal|TR64284_c2_g6_i1:3-1715(+)	CALMACT00000005575	570	1644	93	100.000	532	0	0	39	570	46	1641	0.0	1082
generic|TR64734_c4_g4_i2_m_91072|TR64734_c4_g4_i2_g.91072|type:complete|len:453|gc:universal|TR64734_c4_g4_i2:683-2041(+)	CALMACT00000018958	452	1359	93	76.303	422	98	2	4	423	91	1356	0.0	669
generic|TR64860_c1_g3_i2_m_91426|TR64860_c1_g3_i2_g.91426|type:complete|len:284|gc:universal|TR64860_c1_g3_i2:160-1011(+)	CALMACT00000005694	283	1083	93	99.620	263	1	0	1	263	1	789	0.0	518
generic|TR64881_c2_g2_i2_m_91619|TR64881_c2_g2_i2_g.91619|type:5prime_partial|len:135|gc:universal|TR64881_c2_g2_i2:1-405(+)	CALMACT00000004533	134	579	43	100.000	58	0	0	1	58	385	558	4.14e-027	99.0
generic|TR64888_c6_g1_i2_m_91659|TR64888_c6_g1_i2_g.91659|type:complete|len:519|gc:universal|TR64888_c6_g1_i2:444-2000(+)	CALMACT00000022242	518	858	55	100.000	285	0	0	1	285	1	855	0.0	592
generic|TR65315_c0_g1_i4_m_92336|TR65315_c0_g1_i4_g.92336|type:3prime_partial|len:573|gc:universal|TR65315_c0_g1_i4:363-2078(+)	CALMACT00000017591	572	1029	96	93.814	291	8	10	20	310	88	930	7.08e-171	487
generic|TR65315_c0_g1_i4_m_92336|TR65315_c0_g1_i4_g.92336|type:3prime_partial|len:573|gc:universal|TR65315_c0_g1_i4:363-2078(+)	CALMACT00000017591	572	1029	96	51.282	78	28	10	362	432	706	930	1.47e-019	70.5
generic|TR65315_c0_g1_i4_m_92336|TR65315_c0_g1_i4_g.92336|type:3prime_partial|len:573|gc:universal|TR65315_c0_g1_i4:363-2078(+)	CALMACT00000017591	572	1029	96	56.522	46	7	13	434	478	926	1027	1.47e-019	43.9
generic|TR65315_c0_g1_i4_m_92336|TR65315_c0_g1_i4_g.92336|type:3prime_partial|len:573|gc:universal|TR65315_c0_g1_i4:363-2078(+)	CALMACT00000017591	572	1029	96	45.882	85	32	14	390	469	697	924	3.44e-017	70.5
generic|TR65315_c0_g1_i4_m_92336|TR65315_c0_g1_i4_g.92336|type:3prime_partial|len:573|gc:universal|TR65315_c0_g1_i4:363-2078(+)	CALMACT00000017591	572	1029	96	44.898	49	12	15	473	521	926	1027	3.44e-017	35.8
generic|TR65315_c0_g1_i4_m_92336|TR65315_c0_g1_i4_g.92336|type:3prime_partial|len:573|gc:universal|TR65315_c0_g1_i4:363-2078(+)	CALMACT00000017591	572	1029	96	46.914	81	33	10	296	366	682	924	2.02e-016	64.7
generic|TR65315_c0_g1_i4_m_92336|TR65315_c0_g1_i4_g.92336|type:3prime_partial|len:573|gc:universal|TR65315_c0_g1_i4:363-2078(+)	CALMACT00000017591	572	1029	96	48.718	39	15	5	401	439	926	1027	2.02e-016	38.9
generic|TR65315_c0_g1_i4_m_92336|TR65315_c0_g1_i4_g.92336|type:3prime_partial|len:573|gc:universal|TR65315_c0_g1_i4:363-2078(+)	CALMACT00000017591	572	1029	96	100.000	33	0	0	313	345	929	1027	5.29e-014	72.8
generic|TR65315_c0_g1_i4_m_92336|TR65315_c0_g1_i4_g.92336|type:3prime_partial|len:573|gc:universal|TR65315_c0_g1_i4:363-2078(+)	CALMACT00000017591	572	1029	96	41.414	99	49	9	445	540	646	924	2.83e-010	60.8
generic|TR65315_c0_g1_i4_m_92336|TR65315_c0_g1_i4_g.92336|type:3prime_partial|len:573|gc:universal|TR65315_c0_g1_i4:363-2078(+)	CALMACT00000017591	572	1029	96	51.724	29	14	0	544	572	926	1012	2.83e-010	21.9
generic|TR65315_c0_g1_i4_m_92336|TR65315_c0_g1_i4_g.92336|type:3prime_partial|len:573|gc:universal|TR65315_c0_g1_i4:363-2078(+)	CALMACT00000017591	572	1029	96	75.000	36	7	2	340	375	926	1027	2.28e-007	52.4
generic|TR66217_c0_g1_i2_m_93137|TR66217_c0_g1_i2_g.93137|type:5prime_partial|len:346|gc:universal|TR66217_c0_g1_i2:2-1039(+)	CALMACT00000027556	345	1023	99	100.000	340	0	0	6	345	1	1020	0.0	659
generic|TR66916_c0_g1_i1_m_93946|TR66916_c0_g1_i1_g.93946|type:complete|len:333|gc:universal|TR66916_c0_g1_i1:156-1154(+)	CALMACT00000000186	332	993	100	98.795	332	2	2	1	332	1	990	0.0	630
generic|TR68266_c0_g1_i2_m_95586|TR68266_c0_g1_i2_g.95586|type:internal|len:1293|gc:universal|TR68266_c0_g1_i2:1-3876(+)	CALMACT00000034988	1292	4566	89	97.832	1153	25	0	140	1292	1	3459	0.0	2237
generic|TR68266_c0_g1_i3_m_95587|TR68266_c0_g1_i3_g.95587|type:internal|len:667|gc:universal|TR68266_c0_g1_i3:1-1998(+)	CALMACT00000034988	666	4566	97	98.605	645	9	0	22	666	1	1935	0.0	1235
generic|TR68266c0_g1_i1	CALMACT00000034988	1660	4566	92	99.080	1521	14	0	140	1660	1	4563	0.0	2969
generic|TR68720_c0_g1_i1_m_96987|TR68720_c0_g1_i1_g.96987|type:complete|len:310|gc:universal|TR68720_c0_g1_i1:58-987(+)	CALMACT00000000688	309	930	100	100.000	309	0	0	1	309	1	927	0.0	600
generic|TR6961_c0_g1_i2_m_10770|TR6961_c0_g1_i2_g.10770|type:complete|len:307|gc:universal|TR6961_c0_g1_i2:68-988(+)	CALMACT00000010657	306	825	80	33.202	253	160	9	50	293	25	783	1.14e-035	129
generic|TR69690_c0_g1_i10_m_97557|TR69690_c0_g1_i10_g.97557|type:complete|len:1346|gc:universal|TR69690_c0_g1_i10:78-4115(+)	CALMACT00000009100	1345	1380	36	98.478	460	6	1	558	1016	1	1380	0.0	874
generic|TR69690_c0_g1_i10_m_97557|TR69690_c0_g1_i10_g.97557|type:complete|len:1346|gc:universal|TR69690_c0_g1_i10:78-4115(+)	CALMACT00000009100	1345	1380	36	45.902	122	58	8	530	650	100	444	1.96e-010	63.9
generic|TR71852_c5_g32_i13_m_101333|TR71852_c5_g32_i13_g.101333|type:complete|len:362|gc:universal|TR71852_c5_g32_i13:83-1168(+)	CALMACT00000024183	361	1047	81	95.638	298	7	6	70	361	151	1044	0.0	573
generic|TR71852c5_g32_i6	CALMACT00000024183	348	1047	100	100.000	348	0	0	1	348	1	1044	0.0	677
generic|TR72147_c0_g3_i3_m_102326|TR72147_c0_g3_i3_g.102326|type:internal|len:223|gc:universal|TR72147_c0_g3_i3:1-666(+)	CALMACT00000027737	222	1281	72	100.000	160	0	0	63	222	1	480	1.79e-120	348
generic|TR7235_c0_g1_i2_m_11442|TR7235_c0_g1_i2_g.11442|type:complete|len:345|gc:universal|TR7235_c0_g1_i2:92-1126(+)	CALMACT00000007323	344	1185	81	47.842	278	145	0	58	335	346	1179	1.02e-094	286
generic|TR72362_c2_g7_i1_m_102844|TR72362_c2_g7_i1_g.102844|type:complete|len:265|gc:universal|TR72362_c2_g7_i1:87-881(+)	CALMACT00000018964	264	726	91	100.000	241	0	0	24	264	1	723	3.61e-157	436
generic|TR72426_c2_g1_i3_m_103593|TR72426_c2_g1_i3_g.103593|type:complete|len:118|gc:universal|TR72426_c2_g1_i3:212-565(+)	CALMACT00000021641	117	354	100	100.000	117	0	0	1	117	1	351	4.25e-087	247
generic|TR72449_c5_g3_i12_m_103763|TR72449_c5_g3_i12_g.103763|type:complete|len:410|gc:universal|TR72449_c5_g3_i12:226-1455(+)	CALMACT00000014137	409	1218	93	84.896	384	53	5	27	406	64	1212	0.0	625
generic|TR72449_c5_g3_i8_m_103759|TR72449_c5_g3_i8_g.103759|type:3prime_partial|len:303|gc:universal|TR72449_c5_g3_i8:361-1266(+)	CALMACT00000015284	302	969	92	96.416	279	10	0	23	301	82	918	0.0	553
generic|TR72449c5_g3_i10	CALMACT00000014137	410	1218	93	83.896	385	56	6	27	407	64	1212	0.0	615
generic|TR7343_c17_g2_i1_m_12032|TR7343_c17_g2_i1_g.12032|type:internal|len:294|gc:universal|TR7343_c17_g2_i1:1-879(+)	CALMACT00000001137	293	1569	89	95.402	261	11	1	15	275	1	780	0.0	510
generic|TR7343_c17_g2_i1_m_12032|TR7343_c17_g2_i1_g.12032|type:internal|len:294|gc:universal|TR7343_c17_g2_i1:1-879(+)	CALMACT00000001137	293	1569	89	61.340	194	63	12	54	247	814	1359	8.86e-077	242
generic|TR7343c17_g2_i2	CALMACT00000001137	347	1569	95	96.154	260	9	1	15	274	1	777	0.0	516
generic|TR7343c17_g2_i2	CALMACT00000001137	347	1569	95	51.712	292	85	56	54	345	814	1521	2.25e-092	284
generic|TR7355c17_g4_i2	CALMACT00000020219	153	609	100	96.970	132	4	0	22	153	64	459	3.00e-091	263
generic|TR7355c17_g4_i2	CALMACT00000020219	153	609	100	96.190	105	4	0	1	105	232	546	7.57e-069	206
generic|TR73653_c3_g5_i8_m_104743|TR73653_c3_g5_i8_g.104743|type:complete|len:654|gc:universal|TR73653_c3_g5_i8:997-2958(+)	CALMACT00000032566	653	3723	100	90.058	694	24	45	1	653	1	2070	0.0	1278
generic|TR73653_c3_g5_i8_m_104743|TR73653_c3_g5_i8_g.104743|type:complete|len:654|gc:universal|TR73653_c3_g5_i8:997-2958(+)	CALMACT00000032566	653	3723	100	50.183	546	256	16	104	642	2086	3696	0.0	546
generic|TR73653c3_g5_i2	CALMACT00000030930	661	1986	100	95.159	661	32	0	1	661	1	1983	0.0	1282
generic|TR8452_c1_g2_i3_m_13836|TR8452_c1_g2_i3_g.13836|type:complete|len:347|gc:universal|TR8452_c1_g2_i3:253-1293(+)	CALMACT00000002869	346	987	95	88.720	328	37	0	19	346	1	984	2.94e-174	486
generic|TR8452_c1_g2_i5_m_13840|TR8452_c1_g2_i5_g.13840|type:complete|len:348|gc:universal|TR8452_c1_g2_i5:171-1214(+)	CALMACT00000017904	347	891	85	98.311	296	5	0	52	347	1	888	0.0	535
generic|TR8606_c1_g2_i1_m_14647|TR8606_c1_g2_i1_g.14647|type:complete|len:1589|gc:universal|TR8606_c1_g2_i1:338-5104(+)	CALMACT00000020353	1588	6159	99	100.000	1568	0	0	1	1568	1	4704	0.0	2365
